0.000000 0.676276 1.266123 1.563336 1.454392 0.980902 0.323724 -0.266123 -0.563336 -0.454392 -0.000000 
0.000000 0.667633 1.236859 1.522720 1.417937 0.962533 0.330457 -0.236859 -0.522720 -0.419847 -0.000000 
0.000000 0.657793 1.208523 1.483656 1.382875 0.944866 0.336933 -0.208714 -0.483847 -0.388149 -0.000000 
0.000000 0.647086 1.180963 1.446065 1.349152 0.927873 0.343162 -0.181662 -0.446764 -0.358904 -0.000000 
0.000000 0.635765 1.154086 1.409863 1.316715 0.911530 0.349150 -0.155690 -0.411468 -0.331800 -0.000000 
0.000000 0.624021 1.127831 1.374971 1.285512 0.895811 0.354904 -0.130784 -0.377923 -0.306587 -0.000000 
0.000000 0.612000 1.102164 1.341311 1.255487 0.880690 0.360426 -0.106929 -0.346076 -0.283062 -0.000000 
0.000000 0.599816 1.077062 1.308814 1.226590 0.866143 0.365717 -0.084108 -0.315860 -0.261057 -0.000000 
0.000000 0.587559 1.052513 1.277416 1.198768 0.852145 0.370777 -0.062301 -0.287204 -0.240431 -0.000000 
0.000000 0.575299 1.028508 1.247061 1.171970 0.838671 0.375606 -0.041483 -0.260037 -0.221066 -0.000000 
0.000000 0.563090 1.005042 1.217697 1.146150 0.825694 0.380204 -0.021630 -0.234284 -0.202856 -0.000000 
0.000000 0.550976 0.982112 1.189277 1.121259 0.813191 0.384569 -0.002712 -0.209876 -0.185713 -0.000000 
0.000000 0.538992 0.959715 1.161758 1.097254 0.801135 0.388703 0.015300 -0.186743 -0.169558 -0.000000 
0.000000 0.527165 0.937847 1.135104 1.074092 0.789504 0.392606 0.032436 -0.164820 -0.154321 -0.000000 
0.000000 0.515517 0.916505 1.109277 1.051735 0.778273 0.396279 0.048727 -0.144045 -0.139939 -0.000000 
0.000000 0.504064 0.895683 1.084245 1.030143 0.767420 0.399723 0.064205 -0.124357 -0.126355 -0.000000 
0.000000 0.492819 0.875377 1.059979 1.009281 0.756922 0.402941 0.078901 -0.105701 -0.113520 -0.000000 
0.000000 0.481793 0.855582 1.036449 0.989115 0.746760 0.405935 0.092845 -0.088022 -0.101386 -0.000000 
0.000000 0.470993 0.836290 1.013629 0.969613 0.736913 0.408709 0.106067 -0.071272 -0.089911 -0.000000 
0.000000 0.460423 0.817494 0.991493 0.950744 0.727363 0.411265 0.118597 -0.055402 -0.079056 -0.000000 
0.000000 0.450088 0.799187 0.970018 0.932481 0.718091 0.413608 0.130464 -0.040368 -0.068785 -0.000000 
0.000000 0.439989 0.781360 0.949182 0.914796 0.709082 0.415742 0.141695 -0.026126 -0.059065 -0.000000 
0.000000 0.430127 0.764005 0.928961 0.897663 0.700319 0.417671 0.152318 -0.012638 -0.049864 -0.000000 
0.000000 0.420502 0.747113 0.909335 0.881058 0.691789 0.419401 0.162358 0.000135 -0.041155 -0.000000 
0.000000 0.411113 0.730674 0.890285 0.864959 0.683477 0.420935 0.171840 0.012228 -0.032911 -0.000000 
0.000000 0.401958 0.714679 0.871792 0.849344 0.675371 0.422280 0.180788 0.023676 -0.025106 -0.000000 
0.000000 0.393034 0.699118 0.853836 0.834191 0.667459 0.423440 0.189226 0.034509 -0.017717 -0.000000 
0.000000 0.384339 0.683982 0.836399 0.819482 0.659730 0.424420 0.197176 0.044758 -0.010723 -0.000000 
0.000000 0.375870 0.669259 0.819466 0.805199 0.652175 0.425227 0.204658 0.054452 -0.004102 -0.000000 
0.000000 0.367622 0.654941 0.803019 0.791323 0.644782 0.425865 0.211694 0.063617 0.002163 -0.000000 
0.000000 0.359591 0.641017 0.787041 0.777839 0.637545 0.426339 0.218304 0.072279 0.008092 -0.000000 
0.000000 0.351775 0.627477 0.771519 0.764729 0.630453 0.426656 0.224505 0.080463 0.013702 -0.000000 
0.000000 0.344167 0.614311 0.756435 0.751981 0.623501 0.426821 0.230316 0.088191 0.019008 -0.000000 
0.000000 0.336765 0.601509 0.741777 0.739578 0.616681 0.426838 0.235754 0.095485 0.024025 -0.000000 
0.000000 0.329563 0.589061 0.727531 0.727508 0.609987 0.426714 0.240835 0.102366 0.028769 -0.000000 
0.000000 0.322556 0.576958 0.713682 0.715759 0.603412 0.426454 0.245576 0.108853 0.033252 -0.000000 
0.000000 0.315741 0.565190 0.700217 0.704316 0.596951 0.426062 0.249992 0.114965 0.037487 -0.000000 
0.000000 0.309112 0.553748 0.687124 0.693170 0.590598 0.425544 0.254096 0.120720 0.041486 -0.000000 
0.000000 0.302664 0.542622 0.674391 0.682308 0.584350 0.424904 0.257903 0.126134 0.045261 -0.000000 
0.000000 0.296394 0.531803 0.662006 0.671720 0.578201 0.424149 0.261427 0.131224 0.048822 -0.000000 
0.000000 0.290295 0.521283 0.649957 0.661397 0.572148 0.423282 0.264678 0.136004 0.052180 -0.000000 
0.000000 0.284364 0.511051 0.638234 0.651328 0.566186 0.422308 0.267671 0.140489 0.055344 -0.000000 
0.000000 0.278597 0.501101 0.626825 0.641504 0.560313 0.421232 0.270417 0.144693 0.058324 -0.000000 
0.000000 0.272987 0.491423 0.615720 0.631917 0.554524 0.420059 0.272926 0.148628 0.061129 -0.000000 
0.000000 0.267532 0.482009 0.604910 0.622558 0.548817 0.418792 0.275209 0.152308 0.063766 -0.000000 
0.000000 0.262227 0.472851 0.594385 0.613419 0.543188 0.417436 0.277278 0.155744 0.066243 -0.000000 
0.000000 0.257066 0.463942 0.584135 0.604493 0.537636 0.415995 0.279140 0.158947 0.068569 -0.000000 
0.000000 0.252047 0.455274 0.574152 0.595771 0.532158 0.414474 0.280806 0.161929 0.070750 -0.000000 
0.000000 0.247165 0.446839 0.564426 0.587248 0.526751 0.412876 0.282285 0.164699 0.072793 -0.000000 
0.000000 0.242416 0.438630 0.554949 0.578916 0.521413 0.411204 0.283586 0.167267 0.074704 -0.000000 
0.000000 0.237796 0.430641 0.545714 0.570769 0.516142 0.409463 0.284716 0.169642 0.076490 -0.000000 
0.000000 0.233301 0.422864 0.536712 0.562801 0.510937 0.407656 0.285683 0.171834 0.078156 -0.000000 
0.000000 0.228927 0.415292 0.527936 0.555006 0.505795 0.405787 0.286496 0.173852 0.079708 -0.000000 
0.000000 0.224671 0.407920 0.519379 0.547378 0.500716 0.403859 0.287160 0.175702 0.081152 -0.000000 
0.000000 0.220529 0.400741 0.511033 0.539912 0.495696 0.401875 0.287684 0.177393 0.082492 -0.000000 
0.000000 0.216497 0.393749 0.502892 0.532602 0.490736 0.399838 0.288074 0.178932 0.083733 -0.000000 
0.000000 0.212573 0.386938 0.494948 0.525444 0.485832 0.397751 0.288336 0.180326 0.084879 -0.000000 
0.000000 0.208752 0.380303 0.487197 0.518434 0.480985 0.395618 0.288477 0.181582 0.085936 -0.000000 
0.000000 0.205032 0.373837 0.479631 0.511565 0.476194 0.393440 0.288501 0.182707 0.086907 -0.000000 
0.000000 0.201409 0.367536 0.472245 0.504835 0.471455 0.391222 0.288416 0.183707 0.087796 -0.000000 
0.000000 0.197881 0.361394 0.465033 0.498238 0.466770 0.388965 0.288226 0.184586 0.088608 -0.000000 
0.000000 0.194444 0.355407 0.457990 0.491771 0.462136 0.386671 0.287936 0.185352 0.089345 -0.000000 
0.000000 0.191096 0.349569 0.451110 0.485429 0.457553 0.384344 0.287551 0.186010 0.090011 -0.000000 
0.000000 0.187834 0.343876 0.444387 0.479209 0.453020 0.381986 0.287076 0.186564 0.090610 -0.000000 
0.000000 0.184654 0.338323 0.437818 0.473108 0.448535 0.379598 0.286516 0.187020 0.091144 -0.000000 
0.000000 0.181556 0.332905 0.431398 0.467122 0.444099 0.377184 0.285874 0.187382 0.091617 -0.000000 
0.000000 0.178535 0.327620 0.425121 0.461247 0.439710 0.374744 0.285156 0.187655 0.092032 -0.000000 
0.000000 0.175590 0.322461 0.418983 0.455481 0.435367 0.372282 0.284365 0.187843 0.092391 -0.000000 
0.000000 0.172718 0.317426 0.412981 0.449820 0.431070 0.369799 0.283504 0.187950 0.092697 -0.000000 
0.000000 0.169917 0.312511 0.407109 0.444261 0.426818 0.367296 0.282578 0.187980 0.092953 -0.000000 
0.000000 0.167185 0.307712 0.401365 0.438801 0.422610 0.364777 0.281590 0.187937 0.093160 -0.000000 
0.000000 0.164519 0.303024 0.395743 0.433439 0.418446 0.362241 0.280544 0.187825 0.093322 -0.000000 
0.000000 0.161918 0.298446 0.390241 0.428170 0.414325 0.359692 0.279441 0.187646 0.093440 -0.000000 
0.000000 0.159379 0.293972 0.384854 0.422992 0.410246 0.357130 0.278287 0.187405 0.093517 -0.000000 
0.000000 0.156900 0.289601 0.379580 0.417904 0.406209 0.354558 0.277083 0.187105 0.093554 -0.000000 
0.000000 0.154480 0.285329 0.374414 0.412902 0.402213 0.351975 0.275833 0.186747 0.093553 -0.000000 
0.000000 0.152117 0.281153 0.369355 0.407984 0.398258 0.349385 0.274538 0.186336 0.093518 -0.000000 
0.000000 0.149809 0.277069 0.364397 0.403149 0.394344 0.346788 0.273203 0.185875 0.093448 -0.000000 
0.000000 0.147554 0.273076 0.359540 0.398393 0.390469 0.344185 0.271829 0.185365 0.093346 -0.000000 
0.000000 0.145351 0.269170 0.354779 0.393715 0.386633 0.341577 0.270418 0.184809 0.093213 -0.000000 
0.000000 0.143198 0.265349 0.350111 0.389113 0.382835 0.338967 0.268973 0.184211 0.093051 -0.000000 
0.000000 0.141093 0.261610 0.345535 0.384585 0.379076 0.336354 0.267496 0.183571 0.092862 -0.000000 
0.000000 0.139035 0.257951 0.341048 0.380129 0.375355 0.333741 0.265989 0.182892 0.092647 -0.000000 
0.000000 0.137023 0.254369 0.336646 0.375744 0.371671 0.331127 0.264455 0.182178 0.092407 -0.000000 
0.000000 0.135056 0.250862 0.332328 0.371427 0.368024 0.328514 0.262894 0.181428 0.092143 -0.000000 
0.000000 0.133131 0.247428 0.328092 0.367177 0.364413 0.325903 0.261310 0.180646 0.091857 -0.000000 
0.000000 0.131247 0.244065 0.323934 0.362992 0.360839 0.323295 0.259703 0.179834 0.091550 -0.000000 
0.000000 0.129404 0.240770 0.319853 0.358871 0.357300 0.320690 0.258075 0.178992 0.091224 -0.000000 
0.000000 0.127601 0.237542 0.315846 0.354812 0.353796 0.318089 0.256428 0.178124 0.090878 -0.000000 
0.000000 0.125835 0.234378 0.311912 0.350814 0.350327 0.315494 0.254764 0.177230 0.090515 -0.000000 
0.000000 0.124105 0.231277 0.308049 0.346875 0.346892 0.312904 0.253084 0.176312 0.090135 -0.000000 
0.000000 0.122412 0.228237 0.304254 0.342994 0.343492 0.310321 0.251388 0.175371 0.089739 -0.000000 
0.000000 0.120753 0.225256 0.300527 0.339170 0.340125 0.307745 0.249680 0.174410 0.089328 -0.000000 
0.000000 0.119128 0.222333 0.296864 0.335401 0.336791 0.305176 0.247959 0.173429 0.088904 -0.000000 
0.000000 0.117536 0.219466 0.293265 0.331686 0.333491 0.302616 0.246228 0.172429 0.088466 -0.000000 
0.000000 0.115975 0.216653 0.289727 0.328025 0.330223 0.300065 0.244487 0.171413 0.088016 -0.000000 
0.000000 0.114446 0.213892 0.286249 0.324415 0.326987 0.297523 0.242737 0.170380 0.087554 -0.000000 
0.000000 0.112946 0.211183 0.282830 0.320855 0.323783 0.294991 0.240980 0.169333 0.087081 -0.000000 
0.000000 0.111475 0.208524 0.279468 0.317346 0.320611 0.292469 0.239217 0.168273 0.086598 -0.000000 
0.000000 0.110032 0.205914 0.276161 0.313884 0.317471 0.289958 0.237447 0.167200 0.086106 -0.000000 
0.000000 0.108617 0.203350 0.272909 0.310471 0.314361 0.287458 0.235674 0.166115 0.085605 -0.000000 
0.000000 0.107229 0.200833 0.269709 0.307104 0.311281 0.284970 0.233896 0.165020 0.085095 -0.000000 
0.000000 0.105866 0.198360 0.266561 0.303782 0.308232 0.282494 0.232116 0.163915 0.084578 -0.000000 
0.000000 0.104529 0.195931 0.263463 0.300505 0.305214 0.280030 0.230334 0.162801 0.084054 -0.000000 
0.000000 0.103216 0.193544 0.260414 0.297272 0.302224 0.277579 0.228550 0.161680 0.083523 -0.000000 
0.000000 0.101927 0.191198 0.257413 0.294081 0.299264 0.275140 0.226766 0.160551 0.082987 -0.000000 
0.000000 0.100662 0.188892 0.254458 0.290933 0.296334 0.272715 0.224982 0.159416 0.082444 -0.000000 
0.000000 0.099419 0.186626 0.251549 0.287825 0.293432 0.270304 0.223199 0.158276 0.081897 -0.000000 
0.000000 0.098198 0.184398 0.248684 0.284758 0.290558 0.267906 0.221417 0.157130 0.081345 -0.000000 
0.000000 0.096998 0.182206 0.245863 0.281731 0.287713 0.265522 0.219637 0.155980 0.080789 -0.000000 
0.000000 0.095819 0.180051 0.243084 0.278742 0.284896 0.263153 0.217860 0.154827 0.080229 -0.000000 
0.000000 0.094660 0.177931 0.240347 0.275792 0.282106 0.260798 0.216086 0.153670 0.079666 -0.000000 
0.000000 0.093521 0.175846 0.237650 0.272879 0.279344 0.258458 0.214316 0.152512 0.079100 -0.000000 
0.000000 0.092402 0.173794 0.234992 0.270002 0.276609 0.256132 0.212549 0.151351 0.078531 -0.000000 
0.000000 0.091301 0.171774 0.232373 0.267162 0.273900 0.253821 0.210788 0.150189 0.077960 -0.000000 
0.000000 0.090218 0.169787 0.229792 0.264357 0.271219 0.251526 0.209031 0.149026 0.077387 -0.000000 
0.000000 0.089153 0.167830 0.227248 0.261587 0.268563 0.249246 0.207280 0.147862 0.076812 -0.000000 
0.000000 0.088105 0.165904 0.224740 0.258850 0.265934 0.246981 0.205535 0.146699 0.076236 -0.000000 
0.000000 0.087075 0.164008 0.222268 0.256148 0.263330 0.244732 0.203796 0.145536 0.075659 -0.000000 
0.000000 0.086061 0.162141 0.219830 0.253478 0.260752 0.242498 0.202064 0.144375 0.075081 -0.000000 
0.000000 0.085063 0.160302 0.217426 0.250841 0.258199 0.240280 0.200338 0.143214 0.074502 -0.000000 
0.000000 0.084080 0.158490 0.215055 0.248235 0.255671 0.238078 0.198620 0.142055 0.073923 -0.000000 
0.000000 0.083113 0.156706 0.212716 0.245661 0.253168 0.235891 0.196909 0.140899 0.073344 -0.000000 
0.000000 0.082161 0.154947 0.210410 0.243117 0.250690 0.233721 0.195206 0.139744 0.072765 -0.000000 
0.000000 0.081224 0.153215 0.208134 0.240604 0.248236 0.231566 0.193512 0.138592 0.072186 -0.000000 
0.000000 0.080300 0.151508 0.205889 0.238120 0.245806 0.229428 0.191825 0.137444 0.071608 -0.000000 
0.000000 0.079391 0.149825 0.203674 0.235665 0.243399 0.227305 0.190147 0.136298 0.071031 -0.000000 
0.000000 0.078495 0.148167 0.201488 0.233240 0.241016 0.225199 0.188478 0.135156 0.070455 -0.000000 
0.000000 0.077613 0.146532 0.199331 0.230842 0.238657 0.223109 0.186818 0.134018 0.069879 -0.000000 
0.000000 0.076744 0.144920 0.197202 0.228473 0.236321 0.221034 0.185167 0.132885 0.069305 -0.000000 
0.000000 0.075887 0.143330 0.195101 0.226130 0.234007 0.218976 0.183526 0.131755 0.068733 -0.000000 
0.000000 0.075043 0.141763 0.193027 0.223815 0.231716 0.216934 0.181894 0.130630 0.068162 -0.000000 
0.000000 0.074210 0.140217 0.190979 0.221526 0.229448 0.214908 0.180271 0.129509 0.067592 -0.000000 
0.000000 0.073390 0.138693 0.188958 0.219264 0.227202 0.212899 0.178659 0.128394 0.067025 -0.000000 
0.000000 0.072581 0.137189 0.186962 0.217027 0.224978 0.210905 0.177056 0.127283 0.066459 -0.000000 
0.000000 0.071784 0.135706 0.184991 0.214816 0.222775 0.208927 0.175464 0.126178 0.065896 -0.000000 
0.000000 0.070998 0.134242 0.183045 0.212629 0.220595 0.206966 0.173882 0.125079 0.065334 -0.000000 
0.000000 0.070222 0.132798 0.181123 0.210467 0.218435 0.205020 0.172310 0.123984 0.064775 -0.000000 
0.000000 0.069458 0.131373 0.179225 0.208330 0.216297 0.203091 0.170748 0.122896 0.064219 -0.000000 
0.000000 0.068703 0.129967 0.177350 0.206216 0.214180 0.201177 0.169197 0.121814 0.063665 -0.000000 
0.000000 0.067959 0.128579 0.175499 0.204126 0.212083 0.199279 0.167657 0.120737 0.063113 -0.000000 
0.000000 0.067225 0.127209 0.173669 0.202059 0.210007 0.197398 0.166127 0.119667 0.062564 -0.000000 
0.000000 0.066501 0.125856 0.171862 0.200015 0.207951 0.195531 0.164608 0.118602 0.062018 -0.000000 
0.000000 0.065787 0.124522 0.170077 0.197993 0.205916 0.193681 0.163100 0.117545 0.061475 -0.000000 
0.000000 0.065081 0.123204 0.168313 0.195994 0.203900 0.191846 0.161603 0.116493 0.060934 -0.000000 
0.000000 0.064386 0.121902 0.166570 0.194016 0.201904 0.190027 0.160116 0.115448 0.060397 -0.000000 
0.000000 0.063699 0.120617 0.164848 0.192060 0.199927 0.188224 0.158640 0.114410 0.059862 -0.000000 
0.000000 0.063021 0.119349 0.163146 0.190126 0.197970 0.186436 0.157176 0.113378 0.059331 -0.000000 
0.000000 0.062351 0.118096 0.161464 0.188212 0.196032 0.184663 0.155722 0.112353 0.058802 -0.000000 
0.000000 0.061691 0.116858 0.159802 0.186320 0.194114 0.182906 0.154279 0.111335 0.058277 -0.000000 
0.000000 0.061038 0.115636 0.158160 0.184447 0.192213 0.181164 0.152847 0.110324 0.057755 -0.000000 
0.000000 0.060394 0.114428 0.156536 0.182595 0.190332 0.179437 0.151427 0.109319 0.057237 -0.000000 
0.000000 0.059758 0.113236 0.154931 0.180763 0.188469 0.177726 0.150017 0.108322 0.056721 -0.000000 
0.000000 0.059130 0.112057 0.153345 0.178950 0.186624 0.176029 0.148618 0.107331 0.056209 -0.000000 
0.000000 0.058510 0.110893 0.151777 0.177157 0.184797 0.174348 0.147231 0.106348 0.055700 -0.000000 
0.000000 0.057897 0.109743 0.150226 0.175383 0.182988 0.172681 0.145854 0.105371 0.055195 -0.000000 
0.000000 0.057292 0.108607 0.148694 0.173628 0.181197 0.171029 0.144488 0.104402 0.054693 -0.000000 
0.000000 0.056694 0.107484 0.147178 0.171891 0.179423 0.169392 0.143134 0.103440 0.054195 -0.000000 
0.000000 0.056104 0.106375 0.145680 0.170173 0.177667 0.167769 0.141790 0.102485 0.053700 -0.000000 
0.000000 0.055521 0.105278 0.144199 0.168473 0.175928 0.166161 0.140458 0.101537 0.053208 -0.000000 
0.000000 0.054944 0.104195 0.142734 0.166791 0.174206 0.164567 0.139136 0.100596 0.052720 -0.000000 
0.000000 0.054375 0.103123 0.141286 0.165127 0.172500 0.162988 0.137825 0.099662 0.052236 -0.000000 
0.000000 0.053812 0.102065 0.139854 0.163480 0.170812 0.161423 0.136525 0.098736 0.051755 -0.000000 
0.000000 0.053256 0.101019 0.138438 0.161851 0.169140 0.159872 0.135236 0.097817 0.051277 -0.000000 
0.000000 0.052707 0.099984 0.137037 0.160238 0.167484 0.158335 0.133958 0.096905 0.050804 -0.000000 
0.000000 0.052164 0.098962 0.135652 0.158643 0.165845 0.156812 0.132690 0.096000 0.050333 -0.000000 
0.000000 0.051627 0.097951 0.134282 0.157064 0.164221 0.155303 0.131433 0.095102 0.049867 -0.000000 
0.000000 0.051097 0.096952 0.132927 0.155501 0.162614 0.153808 0.130187 0.094212 0.049404 -0.000000 
0.000000 0.050573 0.095964 0.131587 0.153955 0.161022 0.152327 0.128952 0.093329 0.048944 -0.000000 
0.000000 0.050055 0.094987 0.130261 0.152425 0.159446 0.150859 0.127727 0.092452 0.048488 -0.000000 
0.000000 0.049542 0.094021 0.128950 0.150911 0.157885 0.149404 0.126513 0.091583 0.048036 -0.000000 
0.000000 0.049036 0.093066 0.127653 0.149412 0.156339 0.147963 0.125309 0.090722 0.047587 -0.000000 
0.000000 0.048535 0.092122 0.126371 0.147929 0.154809 0.146535 0.124116 0.089867 0.047142 -0.000000 
0.000000 0.048041 0.091188 0.125102 0.146461 0.153294 0.145121 0.122933 0.089019 0.046700 -0.000000 
0.000000 0.047551 0.090265 0.123846 0.145008 0.151793 0.143719 0.121760 0.088179 0.046262 -0.000000 
0.000000 0.047067 0.089352 0.122604 0.143571 0.150307 0.142331 0.120598 0.087345 0.045827 -0.000000 
0.000000 0.046589 0.088448 0.121376 0.142148 0.148836 0.140955 0.119446 0.086519 0.045396 -0.000000 
0.000000 0.046116 0.087555 0.120160 0.140739 0.147379 0.139592 0.118304 0.085699 0.044969 -0.000000 
0.000000 0.045648 0.086672 0.118958 0.139345 0.145936 0.138242 0.117172 0.084887 0.044545 -0.000000 
0.000000 0.045186 0.085798 0.117768 0.137966 0.144508 0.136905 0.116051 0.084081 0.044125 -0.000000 
0.000000 0.044729 0.084934 0.116591 0.136600 0.143093 0.135579 0.114939 0.083282 0.043708 -0.000000 
0.000000 0.044276 0.084079 0.115426 0.135248 0.141693 0.134267 0.113838 0.082491 0.043295 -0.000000 
0.000000 0.043829 0.083233 0.114273 0.133911 0.140306 0.132966 0.112746 0.081706 0.042885 -0.000000 
0.000000 0.043386 0.082397 0.113133 0.132586 0.138932 0.131678 0.111664 0.080928 0.042478 -0.000000 
0.000000 0.042949 0.081569 0.112005 0.131276 0.137572 0.130402 0.110592 0.080156 0.042075 -0.000000 
0.000000 0.042516 0.080751 0.110888 0.129978 0.136226 0.129138 0.109529 0.079392 0.041676 -0.000000 
0.000000 0.042088 0.079941 0.109784 0.128694 0.134892 0.127886 0.108476 0.078634 0.041280 -0.000000 
0.000000 0.041664 0.079140 0.108690 0.127423 0.133572 0.126646 0.107433 0.077883 0.040887 -0.000000 
0.000000 0.041246 0.078348 0.107609 0.126164 0.132264 0.125417 0.106399 0.077138 0.040498 -0.000000 
0.000000 0.040831 0.077563 0.106538 0.124919 0.130969 0.124200 0.105375 0.076400 0.040112 -0.000000 
0.000000 0.040421 0.076788 0.105479 0.123686 0.129687 0.122994 0.104360 0.075669 0.039730 -0.000000 
0.000000 0.040016 0.076020 0.104430 0.122465 0.128418 0.121800 0.103354 0.074944 0.039351 -0.000000 
0.000000 0.039615 0.075261 0.103393 0.121257 0.127161 0.120617 0.102358 0.074226 0.038975 -0.000000 
0.000000 0.039218 0.074509 0.102366 0.120061 0.125916 0.119446 0.101371 0.073514 0.038603 -0.000000 
0.000000 0.038825 0.073766 0.101350 0.118877 0.124684 0.118285 0.100393 0.072809 0.038234 -0.000000 
0.000000 0.038437 0.073030 0.100344 0.117705 0.123463 0.117136 0.099423 0.072109 0.037868 -0.000000 
0.000000 0.038052 0.072302 0.099349 0.116545 0.122255 0.115997 0.098463 0.071417 0.037505 -0.000000 
0.000000 0.037672 0.071582 0.098364 0.115396 0.121058 0.114870 0.097512 0.070730 0.037146 -0.000000 
0.000000 0.037296 0.070869 0.097389 0.114259 0.119873 0.113753 0.096570 0.070050 0.036790 -0.000000 
0.000000 0.036924 0.070164 0.096424 0.113133 0.118700 0.112646 0.095636 0.069376 0.036437 -0.000000 
0.000000 0.036555 0.069466 0.095469 0.112019 0.117538 0.111551 0.094711 0.068708 0.036087 -0.000000 
0.000000 0.036191 0.068775 0.094524 0.110916 0.116387 0.110465 0.093795 0.068046 0.035740 -0.000000 
0.000000 0.035830 0.068091 0.093588 0.109824 0.115248 0.109391 0.092887 0.067390 0.035397 -0.000000 
0.000000 0.035473 0.067415 0.092662 0.108743 0.114120 0.108326 0.091988 0.066741 0.035057 -0.000000 
0.000000 0.035120 0.066746 0.091745 0.107672 0.113003 0.107271 0.091097 0.066097 0.034719 -0.000000 
0.000000 0.034771 0.066083 0.090838 0.106613 0.111896 0.106227 0.090214 0.065459 0.034385 -0.000000 
0.000000 0.034425 0.065427 0.089940 0.105563 0.110801 0.105193 0.089340 0.064827 0.034054 -0.000000 
0.000000 0.034083 0.064778 0.089051 0.104525 0.109717 0.104168 0.088474 0.064201 0.033726 -0.000000 
0.000000 0.033744 0.064136 0.088171 0.103497 0.108643 0.103154 0.087616 0.063581 0.033401 -0.000000 
0.000000 0.033409 0.063500 0.087300 0.102479 0.107579 0.102149 0.086766 0.062966 0.033079 -0.000000 
0.000000 0.033077 0.062871 0.086438 0.101471 0.106526 0.101154 0.085925 0.062358 0.032760 -0.000000 
0.000000 0.032749 0.062248 0.085585 0.100473 0.105483 0.100168 0.085091 0.061755 0.032444 -0.000000 
0.000000 0.032424 0.061632 0.084740 0.099485 0.104451 0.099192 0.084265 0.061157 0.032130 -0.000000 
0.000000 0.032102 0.061022 0.083904 0.098507 0.103428 0.098225 0.083447 0.060565 0.031820 -0.000000 
0.000000 0.031784 0.060418 0.083076 0.097539 0.102416 0.097267 0.082636 0.059979 0.031512 -0.000000 
0.000000 0.031469 0.059821 0.082256 0.096580 0.101413 0.096319 0.081834 0.059398 0.031208 -0.000000 
0.000000 0.031157 0.059229 0.081445 0.095631 0.100421 0.095380 0.081039 0.058823 0.030906 -0.000000 
0.000000 0.030849 0.058643 0.080642 0.094692 0.099438 0.094450 0.080251 0.058253 0.030607 -0.000000 
0.000000 0.030543 0.058064 0.079847 0.093761 0.098464 0.093529 0.079471 0.057688 0.030311 -0.000000 
0.000000 0.030241 0.057490 0.079060 0.092840 0.097500 0.092617 0.078699 0.057129 0.030018 -0.000000 
0.000000 0.029942 0.056922 0.078281 0.091928 0.096546 0.091713 0.077933 0.056574 0.029727 -0.000000 
0.000000 0.029646 0.056360 0.077510 0.091025 0.095601 0.090819 0.077176 0.056026 0.029439 -0.000000 
0.000000 0.029353 0.055804 0.076747 0.090131 0.094665 0.089932 0.076425 0.055482 0.029154 -0.000000 
0.000000 0.029062 0.055253 0.075991 0.089246 0.093739 0.089055 0.075681 0.054943 0.028871 -0.000000 
0.000000 0.028775 0.054708 0.075243 0.088370 0.092821 0.088186 0.074945 0.054410 0.028591 -0.000000 
0.000000 0.028491 0.054168 0.074502 0.087502 0.091912 0.087325 0.074216 0.053882 0.028314 -0.000000 
0.000000 0.028210 0.053634 0.073768 0.086643 0.091013 0.086473 0.073493 0.053358 0.028039 -0.000000 
0.000000 0.027931 0.053105 0.073042 0.085793 0.090122 0.085629 0.072778 0.052840 0.027767 -0.000000 
0.000000 0.027655 0.052581 0.072324 0.084951 0.089240 0.084793 0.072069 0.052326 0.027498 -0.000000 
0.000000 0.027382 0.052063 0.071612 0.084117 0.088366 0.083965 0.071367 0.051818 0.027231 -0.000000 
0.000000 0.027112 0.051550 0.070908 0.083291 0.087501 0.083146 0.070672 0.051314 0.026967 -0.000000 
0.000000 0.026845 0.051042 0.070210 0.082474 0.086645 0.082334 0.069984 0.050815 0.026705 -0.000000 
0.000000 0.026580 0.050539 0.069520 0.081665 0.085796 0.081530 0.069302 0.050321 0.026445 -0.000000 
0.000000 0.026318 0.050041 0.068836 0.080863 0.084957 0.080734 0.068626 0.049831 0.026188 -0.000000 
0.000000 0.026058 0.049548 0.068159 0.080070 0.084125 0.079945 0.067958 0.049347 0.025934 -0.000000 
0.000000 0.025801 0.049060 0.067489 0.079284 0.083301 0.079164 0.067295 0.048866 0.025682 -0.000000 
0.000000 0.025547 0.048577 0.066826 0.078507 0.082486 0.078391 0.066639 0.048391 0.025432 -0.000000 
0.000000 0.025296 0.048099 0.066169 0.077736 0.081679 0.077626 0.065990 0.047920 0.025185 -0.000000 
0.000000 0.025046 0.047626 0.065519 0.076974 0.080879 0.076867 0.065346 0.047453 0.024940 -0.000000 
0.000000 0.024800 0.047157 0.064875 0.076219 0.080087 0.076116 0.064709 0.046991 0.024697 -0.000000 
0.000000 0.024555 0.046693 0.064238 0.075471 0.079303 0.075373 0.064078 0.046534 0.024457 -0.000000 
0.000000 0.024314 0.046234 0.063607 0.074731 0.078527 0.074636 0.063453 0.046080 0.024219 -0.000000 
0.000000 0.024074 0.045779 0.062982 0.073998 0.077758 0.073907 0.062834 0.045631 0.023983 -0.000000 
0.000000 0.023837 0.045329 0.062363 0.073273 0.076997 0.073185 0.062221 0.045187 0.023750 -0.000000 
0.000000 0.023603 0.044883 0.061751 0.072554 0.076244 0.072470 0.061614 0.044747 0.023518 -0.000000 
0.000000 0.023371 0.044442 0.061144 0.071843 0.075497 0.071762 0.061013 0.044311 0.023289 -0.000000 
0.000000 0.023141 0.044005 0.060544 0.071138 0.074758 0.071060 0.060418 0.043879 0.023063 -0.000000 
0.000000 0.022913 0.043572 0.059949 0.070441 0.074026 0.070366 0.059828 0.043451 0.022838 -0.000000 
0.000000 0.022688 0.043144 0.059361 0.069750 0.073302 0.069678 0.059244 0.043027 0.022615 -0.000000 
0.000000 0.022465 0.042720 0.058778 0.069067 0.072584 0.068997 0.058666 0.042608 0.022395 -0.000000 
0.000000 0.022244 0.042300 0.058201 0.068389 0.071874 0.068323 0.058093 0.042192 0.022177 -0.000000 
0.000000 0.022025 0.041885 0.057630 0.067719 0.071170 0.067655 0.057526 0.041781 0.021961 -0.000000 
0.000000 0.021808 0.041473 0.057064 0.067055 0.070474 0.066993 0.056964 0.041373 0.021747 -0.000000 
0.000000 0.021594 0.041066 0.056504 0.066398 0.069784 0.066339 0.056408 0.040970 0.021535 -0.000000 
0.000000 0.021382 0.040663 0.055950 0.065747 0.069101 0.065690 0.055857 0.040570 0.021325 -0.000000 
0.000000 0.021172 0.040263 0.055401 0.065103 0.068424 0.065048 0.055312 0.040174 0.021117 -0.000000 
0.000000 0.020964 0.039868 0.054857 0.064465 0.067754 0.064412 0.054772 0.039782 0.020911 -0.000000 
0.000000 0.020758 0.039476 0.054319 0.063833 0.067091 0.063782 0.054237 0.039394 0.020707 -0.000000 
0.000000 0.020554 0.039089 0.053786 0.063207 0.066435 0.063159 0.053707 0.039010 0.020505 -0.000000 
0.000000 0.020352 0.038705 0.053259 0.062588 0.065784 0.062541 0.053182 0.038629 0.020305 -0.000000 
0.000000 0.020152 0.038325 0.052736 0.061975 0.065140 0.061929 0.052663 0.038252 0.020107 -0.000000 
0.000000 0.019954 0.037949 0.052219 0.061367 0.064503 0.061324 0.052149 0.037878 0.019911 -0.000000 
0.000000 0.019758 0.037576 0.051707 0.060766 0.063871 0.060724 0.051639 0.037509 0.019716 -0.000000 
0.000000 0.019564 0.037208 0.051200 0.060171 0.063246 0.060130 0.051135 0.037142 0.019524 -0.000000 
0.000000 0.019372 0.036843 0.050698 0.059581 0.062627 0.059542 0.050635 0.036780 0.019333 -0.000000 
0.000000 0.019182 0.036481 0.050200 0.058997 0.062014 0.058960 0.050140 0.036421 0.019145 -0.000000 
0.000000 0.018994 0.036123 0.049708 0.058419 0.061407 0.058383 0.049650 0.036065 0.018958 -0.000000 
0.000000 0.018807 0.035769 0.049221 0.057847 0.060806 0.057812 0.049165 0.035713 0.018773 -0.000000 
0.000000 0.018623 0.035418 0.048738 0.057280 0.060211 0.057247 0.048685 0.035364 0.018590 -0.000000 
0.000000 0.018440 0.035070 0.048260 0.056719 0.059621 0.056687 0.048209 0.035019 0.018408 -0.000000 
0.000000 0.018259 0.034726 0.047787 0.056163 0.059038 0.056133 0.047738 0.034677 0.018228 -0.000000 
0.000000 0.018080 0.034386 0.047319 0.055613 0.058460 0.055584 0.047271 0.034338 0.018050 -0.000000 
0.000000 0.017902 0.034048 0.046855 0.055068 0.057887 0.055040 0.046809 0.034002 0.017874 -0.000000 
0.000000 0.017727 0.033714 0.046396 0.054529 0.057321 0.054502 0.046351 0.033670 0.017699 -0.000000 
0.000000 0.017553 0.033384 0.045941 0.053995 0.056760 0.053969 0.045898 0.033341 0.017527 -0.000000 
0.000000 0.017381 0.033056 0.045490 0.053466 0.056204 0.053441 0.045450 0.033016 0.017355 -0.000000 
0.000000 0.017210 0.032732 0.045045 0.052942 0.055654 0.052918 0.045005 0.032693 0.017186 -0.000000 
0.000000 0.017041 0.032411 0.044603 0.052424 0.055109 0.052400 0.044565 0.032373 0.017018 -0.000000 
0.000000 0.016874 0.032093 0.044166 0.051910 0.054570 0.051888 0.044130 0.032057 0.016852 -0.000000 
0.000000 0.016709 0.031779 0.043733 0.051402 0.054036 0.051380 0.043698 0.031744 0.016687 -0.000000 
0.000000 0.016545 0.031467 0.043305 0.050898 0.053507 0.050877 0.043271 0.031434 0.016524 -0.000000 
0.000000 0.016383 0.031159 0.042880 0.050400 0.052983 0.050380 0.042848 0.031126 0.016363 -0.000000 
0.000000 0.016222 0.030853 0.042460 0.049906 0.052464 0.049887 0.042429 0.030822 0.016203 -0.000000 
0.000000 0.016063 0.030551 0.042044 0.049417 0.051951 0.049399 0.042014 0.030521 0.016044 -0.000000 
0.000000 0.015905 0.030251 0.041632 0.048933 0.051442 0.048915 0.041603 0.030223 0.015888 -0.000000 
0.000000 0.015749 0.029955 0.041224 0.048454 0.050939 0.048437 0.041196 0.029927 0.015732 -0.000000 
0.000000 0.015595 0.029661 0.040820 0.047979 0.050440 0.047963 0.040793 0.029635 0.015579 -0.000000 
0.000000 0.015442 0.029370 0.040420 0.047510 0.049946 0.047494 0.040395 0.029345 0.015426 -0.000000 
0.000000 0.015291 0.029083 0.040024 0.047044 0.049457 0.047029 0.039999 0.029058 0.015276 -0.000000 
0.000000 0.015141 0.028798 0.039632 0.046584 0.048973 0.046569 0.039608 0.028774 0.015126 -0.000000 
0.000000 0.014992 0.028515 0.039244 0.046127 0.048494 0.046113 0.039221 0.028493 0.014978 -0.000000 
0.000000 0.014845 0.028236 0.038859 0.045676 0.048019 0.045662 0.038837 0.028214 0.014832 -0.000000 
0.000000 0.014700 0.027959 0.038479 0.045228 0.047549 0.045215 0.038457 0.027938 0.014687 -0.000000 
0.000000 0.014556 0.027685 0.038102 0.044785 0.047084 0.044773 0.038081 0.027665 0.014543 -0.000000 
0.000000 0.014413 0.027414 0.037728 0.044347 0.046623 0.044335 0.037709 0.027394 0.014401 -0.000000 
0.000000 0.014272 0.027145 0.037359 0.043913 0.046166 0.043901 0.037340 0.027127 0.014260 -0.000000 
0.000000 0.014132 0.026879 0.036993 0.043483 0.045714 0.043471 0.036975 0.026861 0.014121 -0.000000 
0.000000 0.013994 0.026616 0.036630 0.043057 0.045267 0.043046 0.036613 0.026599 0.013983 -0.000000 
0.000000 0.013856 0.026355 0.036272 0.042635 0.044824 0.042625 0.036255 0.026338 0.013846 -0.000000 
0.000000 0.013721 0.026097 0.035916 0.042218 0.044385 0.042208 0.035900 0.026081 0.013711 -0.000000 
0.000000 0.013586 0.025841 0.035564 0.041804 0.043951 0.041795 0.035549 0.025826 0.013577 -0.000000 
0.000000 0.013453 0.025588 0.035216 0.041395 0.043520 0.041386 0.035201 0.025573 0.013444 -0.000000 
0.000000 0.013321 0.025337 0.034871 0.040990 0.043094 0.040981 0.034857 0.025323 0.013312 -0.000000 
0.000000 0.013191 0.025089 0.034530 0.040588 0.042673 0.040580 0.034516 0.025075 0.013182 -0.000000 
0.000000 0.013062 0.024843 0.034191 0.040191 0.042255 0.040183 0.034178 0.024830 0.013053 -0.000000 
0.000000 0.012934 0.024600 0.033857 0.039797 0.041841 0.039789 0.033844 0.024587 0.012926 -0.000000 
0.000000 0.012807 0.024359 0.033525 0.039408 0.041432 0.039400 0.033513 0.024347 0.012799 -0.000000 
0.000000 0.012681 0.024120 0.033197 0.039022 0.041026 0.039014 0.033185 0.024109 0.012674 -0.000000 
0.000000 0.012557 0.023884 0.032872 0.038640 0.040624 0.038633 0.032860 0.023873 0.012550 -0.000000 
0.000000 0.012434 0.023650 0.032550 0.038261 0.040227 0.038255 0.032539 0.023639 0.012427 -0.000000 
0.000000 0.012312 0.023419 0.032231 0.037887 0.039833 0.037880 0.032220 0.023408 0.012306 -0.000000 
0.000000 0.012192 0.023189 0.031915 0.037516 0.039443 0.037510 0.031905 0.023179 0.012185 -0.000000 
0.000000 0.012072 0.022962 0.031603 0.037148 0.039057 0.037142 0.031593 0.022952 0.012066 -0.000000 
0.000000 0.011954 0.022737 0.031293 0.036785 0.038675 0.036779 0.031284 0.022728 0.011948 -0.000000 
0.000000 0.011837 0.022514 0.030987 0.036425 0.038296 0.036419 0.030978 0.022505 0.011831 -0.000000 
0.000000 0.011721 0.022294 0.030683 0.036068 0.037921 0.036063 0.030675 0.022285 0.011716 -0.000000 
0.000000 0.011606 0.022076 0.030383 0.035715 0.037550 0.035710 0.030375 0.022067 0.011601 -0.000000 
0.000000 0.011492 0.021859 0.030085 0.035365 0.037183 0.035360 0.030077 0.021851 0.011488 -0.000000 
0.000000 0.011380 0.021645 0.029791 0.035019 0.036819 0.035014 0.029783 0.021638 0.011375 -0.000000 
0.000000 0.011268 0.021433 0.029499 0.034676 0.036458 0.034671 0.029492 0.021426 0.011264 -0.000000 
0.000000 0.011158 0.021223 0.029210 0.034337 0.036101 0.034332 0.029203 0.021216 0.011154 -0.000000 
0.000000 0.011049 0.021015 0.028924 0.034000 0.035748 0.033996 0.028917 0.021009 0.011045 -0.000000 
0.000000 0.010941 0.020810 0.028641 0.033667 0.035398 0.033663 0.028634 0.020803 0.010937 -0.000000 
0.000000 0.010833 0.020606 0.028360 0.033338 0.035051 0.033334 0.028354 0.020600 0.010830 -0.000000 
0.000000 0.010727 0.020404 0.028083 0.033011 0.034708 0.033008 0.028077 0.020398 0.010724 -0.000000 
0.000000 0.010622 0.020204 0.027808 0.032688 0.034369 0.032685 0.027802 0.020198 0.010619 -0.000000 
0.000000 0.010518 0.020006 0.027535 0.032368 0.034032 0.032365 0.027530 0.020001 0.010515 -0.000000 
0.000000 0.010415 0.019810 0.027266 0.032051 0.033699 0.032048 0.027260 0.019805 0.010412 -0.000000 
0.000000 0.010313 0.019616 0.026999 0.031738 0.033369 0.031734 0.026994 0.019611 0.010310 -0.000000 
0.000000 0.010212 0.019424 0.026734 0.031427 0.033043 0.031424 0.026729 0.019419 0.010209 -0.000000 
0.000000 0.010112 0.019234 0.026473 0.031119 0.032719 0.031116 0.026468 0.019229 0.010109 -0.000000 
0.000000 0.010013 0.019046 0.026213 0.030815 0.032399 0.030812 0.026209 0.019041 0.010010 -0.000000 
0.000000 0.009915 0.018859 0.025957 0.030513 0.032082 0.030510 0.025952 0.018855 0.009912 -0.000000 
0.000000 0.009818 0.018675 0.025703 0.030214 0.031768 0.030211 0.025698 0.018670 0.009815 -0.000000 
0.000000 0.009722 0.018492 0.025451 0.029918 0.031457 0.029916 0.025447 0.018488 0.009719 -0.000000 
0.000000 0.009627 0.018311 0.025202 0.029625 0.031149 0.029623 0.025198 0.018307 0.009624 -0.000000 
0.000000 0.009532 0.018131 0.024955 0.029335 0.030844 0.029333 0.024951 0.018128 0.009530 -0.000000 
0.000000 0.009439 0.017954 0.024711 0.029048 0.030542 0.029046 0.024707 0.017950 0.009437 -0.000000 
0.000000 0.009347 0.017778 0.024469 0.028764 0.030243 0.028762 0.024465 0.017775 0.009345 -0.000000 
0.000000 0.009255 0.017604 0.024229 0.028482 0.029947 0.028480 0.024226 0.017601 0.009253 -0.000000 
0.000000 0.009165 0.017432 0.023992 0.028203 0.029654 0.028201 0.023989 0.017428 0.009163 -0.000000 
0.000000 0.009075 0.017261 0.023757 0.027927 0.029363 0.027925 0.023754 0.017258 0.009073 -0.000000 
0.000000 0.008986 0.017092 0.023525 0.027654 0.029076 0.027652 0.023522 0.017089 0.008984 -0.000000 
0.000000 0.008898 0.016925 0.023294 0.027383 0.028791 0.027381 0.023291 0.016922 0.008896 -0.000000 
0.000000 0.008811 0.016759 0.023066 0.027115 0.028510 0.027113 0.023063 0.016756 0.008809 -0.000000 
0.000000 0.008725 0.016595 0.022840 0.026850 0.028231 0.026848 0.022838 0.016592 0.008723 -0.000000 
0.000000 0.008639 0.016432 0.022617 0.026587 0.027954 0.026585 0.022614 0.016430 0.008638 -0.000000 
0.000000 0.008555 0.016271 0.022395 0.026327 0.027681 0.026325 0.022393 0.016269 0.008553 -0.000000 
0.000000 0.008471 0.016112 0.022176 0.026069 0.027410 0.026067 0.022174 0.016110 0.008469 -0.000000 
0.000000 0.008388 0.015954 0.021959 0.025814 0.027141 0.025812 0.021957 0.015952 0.008386 -0.000000 
0.000000 0.008306 0.015798 0.021744 0.025561 0.026876 0.025560 0.021742 0.015796 0.008304 -0.000000 
0.000000 0.008224 0.015644 0.021531 0.025311 0.026613 0.025309 0.021529 0.015641 0.008223 -0.000000 
0.000000 0.008144 0.015490 0.021320 0.025063 0.026352 0.025062 0.021318 0.015488 0.008143 -0.000000 
0.000000 0.008064 0.015339 0.021112 0.024818 0.026094 0.024816 0.021110 0.015337 0.008063 -0.000000 
0.000000 0.007985 0.015189 0.020905 0.024575 0.025839 0.024573 0.020903 0.015187 0.007984 -0.000000 
0.000000 0.007907 0.015040 0.020700 0.024334 0.025586 0.024333 0.020698 0.015038 0.007906 -0.000000 
0.000000 0.007830 0.014893 0.020498 0.024096 0.025335 0.024095 0.020496 0.014891 0.007828 -0.000000 
0.000000 0.007753 0.014747 0.020297 0.023860 0.025087 0.023859 0.020295 0.014745 0.007752 -0.000000 
0.000000 0.007677 0.014602 0.020098 0.023626 0.024842 0.023625 0.020097 0.014601 0.007676 -0.000000 
0.000000 0.007602 0.014459 0.019901 0.023395 0.024599 0.023394 0.019900 0.014458 0.007601 -0.000000 
0.000000 0.007527 0.014318 0.019707 0.023166 0.024358 0.023165 0.019705 0.014316 0.007527 -0.000000 
0.000000 0.007454 0.014178 0.019514 0.022939 0.024119 0.022938 0.019512 0.014176 0.007453 -0.000000 
0.000000 0.007381 0.014039 0.019323 0.022715 0.023883 0.022714 0.019321 0.014038 0.007380 -0.000000 
0.000000 0.007308 0.013901 0.019133 0.022492 0.023649 0.022492 0.019132 0.013900 0.007308 -0.000000 
0.000000 0.007237 0.013765 0.018946 0.022272 0.023418 0.022271 0.018945 0.013764 0.007236 -0.000000 
0.000000 0.007166 0.013631 0.018761 0.022054 0.023189 0.022053 0.018759 0.013629 0.007165 -0.000000 
0.000000 0.007096 0.013497 0.018577 0.021838 0.022962 0.021838 0.018576 0.013496 0.007095 -0.000000 
0.000000 0.007026 0.013365 0.018395 0.021624 0.022737 0.021624 0.018394 0.013364 0.007026 -0.000000 
0.000000 0.006958 0.013234 0.018215 0.021413 0.022514 0.021412 0.018214 0.013233 0.006957 -0.000000 
0.000000 0.006890 0.013105 0.018037 0.021203 0.022294 0.021203 0.018036 0.013104 0.006889 -0.000000 
0.000000 0.006822 0.012976 0.017860 0.020996 0.022076 0.020995 0.017859 0.012975 0.006821 -0.000000 
0.000000 0.006755 0.012849 0.017685 0.020790 0.021860 0.020790 0.017684 0.012848 0.006755 -0.000000 
0.000000 0.006689 0.012724 0.017512 0.020587 0.021646 0.020586 0.017511 0.012723 0.006689 -0.000000 
0.000000 0.006624 0.012599 0.017341 0.020385 0.021434 0.020385 0.017340 0.012598 0.006623 -0.000000 
0.000000 0.006559 0.012476 0.017171 0.020186 0.021224 0.020185 0.017170 0.012475 0.006558 -0.000000 
0.000000 0.006495 0.012353 0.017003 0.019988 0.021016 0.019987 0.017002 0.012353 0.006494 -0.000000 
0.000000 0.006431 0.012233 0.016836 0.019792 0.020811 0.019792 0.016836 0.012232 0.006431 -0.000000 
0.000000 0.006368 0.012113 0.016672 0.019599 0.020607 0.019598 0.016671 0.012112 0.006368 -0.000000 
0.000000 0.006306 0.011994 0.016508 0.019407 0.020405 0.019406 0.016508 0.011993 0.006305 -0.000000 
0.000000 0.006244 0.011877 0.016347 0.019217 0.020205 0.019216 0.016346 0.011876 0.006244 -0.000000 
0.000000 0.006183 0.011761 0.016187 0.019029 0.020008 0.019028 0.016186 0.011760 0.006182 -0.000000 
0.000000 0.006122 0.011645 0.016028 0.018842 0.019812 0.018842 0.016028 0.011645 0.006122 -0.000000 
0.000000 0.006062 0.011531 0.015871 0.018658 0.019618 0.018657 0.015871 0.011531 0.006062 -0.000000 
0.000000 0.006003 0.011418 0.015716 0.018475 0.019426 0.018475 0.015715 0.011418 0.006003 -0.000000 
0.000000 0.005944 0.011307 0.015562 0.018294 0.019236 0.018294 0.015562 0.011306 0.005944 -0.000000 
0.000000 0.005886 0.011196 0.015410 0.018115 0.019047 0.018115 0.015409 0.011195 0.005886 -0.000000 
0.000000 0.005829 0.011086 0.015259 0.017938 0.018861 0.017938 0.015259 0.011086 0.005828 -0.000000 
0.000000 0.005771 0.010978 0.015110 0.017762 0.018676 0.017762 0.015109 0.010977 0.005771 -0.000000 
0.000000 0.005715 0.010870 0.014962 0.017588 0.018493 0.017588 0.014961 0.010870 0.005715 -0.000000 
0.000000 0.005659 0.010764 0.014815 0.017416 0.018312 0.017416 0.014815 0.010764 0.005659 -0.000000 
0.000000 0.005604 0.010659 0.014670 0.017246 0.018133 0.017246 0.014670 0.010658 0.005603 -0.000000 
0.000000 0.005549 0.010554 0.014527 0.017077 0.017956 0.017077 0.014526 0.010554 0.005548 -0.000000 
0.000000 0.005494 0.010451 0.014384 0.016910 0.017780 0.016910 0.014384 0.010451 0.005494 -0.000000 
0.000000 0.005441 0.010349 0.014244 0.016744 0.017606 0.016744 0.014243 0.010348 0.005440 -0.000000 
0.000000 0.005387 0.010247 0.014104 0.016580 0.017434 0.016580 0.014104 0.010247 0.005387 -0.000000 
0.000000 0.005335 0.010147 0.013966 0.016418 0.017263 0.016418 0.013966 0.010147 0.005334 -0.000000 
0.000000 0.005282 0.010048 0.013829 0.016257 0.017094 0.016257 0.013829 0.010047 0.005282 -0.000000 
0.000000 0.005231 0.009949 0.013694 0.016098 0.016927 0.016098 0.013694 0.009949 0.005230 -0.000000 
0.000000 0.005180 0.009852 0.013560 0.015941 0.016761 0.015940 0.013560 0.009852 0.005179 -0.000000 
0.000000 0.005129 0.009756 0.013427 0.015785 0.016597 0.015784 0.013427 0.009755 0.005129 -0.000000 
0.000000 0.005079 0.009660 0.013296 0.015630 0.016434 0.015630 0.013296 0.009660 0.005078 -0.000000 
0.000000 0.005029 0.009565 0.013166 0.015477 0.016273 0.015477 0.013165 0.009565 0.005029 -0.000000 
0.000000 0.004980 0.009472 0.013037 0.015326 0.016114 0.015325 0.013037 0.009472 0.004979 -0.000000 
0.000000 0.004931 0.009379 0.012909 0.015176 0.015956 0.015175 0.012909 0.009379 0.004931 -0.000000 
0.000000 0.004883 0.009287 0.012783 0.015027 0.015800 0.015027 0.012783 0.009287 0.004882 -0.000000 
0.000000 0.004835 0.009196 0.012658 0.014880 0.015646 0.014880 0.012657 0.009196 0.004835 -0.000000 
0.000000 0.004788 0.009106 0.012534 0.014734 0.015492 0.014734 0.012534 0.009106 0.004787 -0.000000 
0.000000 0.004741 0.009017 0.012411 0.014590 0.015341 0.014590 0.012411 0.009017 0.004740 -0.000000 
0.000000 0.004694 0.008929 0.012290 0.014447 0.015191 0.014447 0.012289 0.008929 0.004694 -0.000000 
0.000000 0.004648 0.008842 0.012169 0.014306 0.015042 0.014306 0.012169 0.008841 0.004648 -0.000000 
0.000000 0.004603 0.008755 0.012050 0.014166 0.014895 0.014166 0.012050 0.008755 0.004603 -0.000000 
0.000000 0.004558 0.008669 0.011932 0.014027 0.014749 0.014027 0.011932 0.008669 0.004558 -0.000000 
0.000000 0.004513 0.008584 0.011815 0.013890 0.014605 0.013890 0.011815 0.008584 0.004513 -0.000000 
0.000000 0.004469 0.008500 0.011700 0.013754 0.014462 0.013754 0.011700 0.008500 0.004469 -0.000000 
0.000000 0.004425 0.008417 0.011585 0.013619 0.014320 0.013619 0.011585 0.008417 0.004425 -0.000000 
0.000000 0.004382 0.008335 0.011472 0.013486 0.014180 0.013486 0.011472 0.008335 0.004382 -0.000000 
0.000000 0.004339 0.008253 0.011360 0.013354 0.014041 0.013354 0.011359 0.008253 0.004339 -0.000000 
0.000000 0.004296 0.008172 0.011248 0.013223 0.013904 0.013223 0.011248 0.008172 0.004296 -0.000000 
0.000000 0.004254 0.008092 0.011138 0.013094 0.013767 0.013094 0.011138 0.008092 0.004254 -0.000000 
0.000000 0.004213 0.008013 0.011029 0.012966 0.013633 0.012965 0.011029 0.008013 0.004213 -0.000000 
0.000000 0.004172 0.007935 0.010921 0.012839 0.013499 0.012839 0.010921 0.007935 0.004171 -0.000000 
0.000000 0.004131 0.007857 0.010814 0.012713 0.013367 0.012713 0.010814 0.007857 0.004131 -0.000000 
0.000000 0.004090 0.007780 0.010708 0.012588 0.013236 0.012588 0.010708 0.007780 0.004090 -0.000000 
0.000000 0.004050 0.007704 0.010604 0.012465 0.013107 0.012465 0.010603 0.007704 0.004050 -0.000000 
0.000000 0.004011 0.007629 0.010500 0.012343 0.012978 0.012343 0.010500 0.007628 0.004011 -0.000000 
0.000000 0.003971 0.007554 0.010397 0.012222 0.012851 0.012222 0.010397 0.007554 0.003971 -0.000000 
0.000000 0.003932 0.007480 0.010295 0.012103 0.012726 0.012103 0.010295 0.007480 0.003932 -0.000000 
0.000000 0.003894 0.007407 0.010194 0.011984 0.012601 0.011984 0.010194 0.007407 0.003894 -0.000000 
0.000000 0.003856 0.007334 0.010095 0.011867 0.012478 0.011867 0.010095 0.007334 0.003856 -0.000000 
0.000000 0.003818 0.007262 0.009996 0.011751 0.012356 0.011751 0.009996 0.007262 0.003818 -0.000000 
0.000000 0.003781 0.007191 0.009898 0.011636 0.012235 0.011636 0.009898 0.007191 0.003781 -0.000000 
0.000000 0.003744 0.007121 0.009801 0.011522 0.012115 0.011522 0.009801 0.007121 0.003744 -0.000000 
0.000000 0.003707 0.007051 0.009705 0.011409 0.011996 0.011409 0.009705 0.007051 0.003707 -0.000000 
0.000000 0.003671 0.006982 0.009610 0.011297 0.011879 0.011297 0.009610 0.006982 0.003671 -0.000000 
0.000000 0.003635 0.006914 0.009516 0.011187 0.011763 0.011187 0.009516 0.006914 0.003635 -0.000000 
0.000000 0.003599 0.006846 0.009423 0.011077 0.011647 0.011077 0.009423 0.006846 0.003599 -0.000000 
0.000000 0.003564 0.006779 0.009331 0.010969 0.011533 0.010969 0.009331 0.006779 0.003564 -0.000000 
0.000000 0.003529 0.006713 0.009239 0.010862 0.011420 0.010861 0.009239 0.006713 0.003529 -0.000000 
0.000000 0.003495 0.006647 0.009149 0.010755 0.011309 0.010755 0.009149 0.006647 0.003495 -0.000000 
0.000000 0.003460 0.006582 0.009059 0.010650 0.011198 0.010650 0.009059 0.006582 0.003460 -0.000000 
0.000000 0.003427 0.006518 0.008971 0.010546 0.011088 0.010546 0.008971 0.006518 0.003426 -0.000000 
0.000000 0.003393 0.006454 0.008883 0.010442 0.010980 0.010442 0.008883 0.006454 0.003393 -0.000000 
0.000000 0.003360 0.006391 0.008796 0.010340 0.010872 0.010340 0.008796 0.006391 0.003360 -0.000000 
0.000000 0.003327 0.006328 0.008710 0.010239 0.010766 0.010239 0.008710 0.006328 0.003327 -0.000000 
0.000000 0.003294 0.006266 0.008625 0.010139 0.010661 0.010139 0.008625 0.006266 0.003294 -0.000000 
0.000000 0.003262 0.006205 0.008540 0.010040 0.010556 0.010040 0.008540 0.006205 0.003262 -0.000000 
0.000000 0.003230 0.006144 0.008457 0.009941 0.010453 0.009941 0.008457 0.006144 0.003230 -0.000000 
0.000000 0.003199 0.006084 0.008374 0.009844 0.010351 0.009844 0.008374 0.006084 0.003198 -0.000000 
0.000000 0.003167 0.006024 0.008292 0.009748 0.010249 0.009748 0.008292 0.006024 0.003167 -0.000000 
0.000000 0.003136 0.005965 0.008211 0.009652 0.010149 0.009652 0.008211 0.005965 0.003136 -0.000000 
0.000000 0.003105 0.005907 0.008130 0.009558 0.010050 0.009558 0.008130 0.005907 0.003105 -0.000000 
0.000000 0.003075 0.005849 0.008051 0.009464 0.009951 0.009464 0.008051 0.005849 0.003075 -0.000000 
0.000000 0.003045 0.005792 0.007972 0.009372 0.009854 0.009371 0.007972 0.005792 0.003045 -0.000000 
0.000000 0.003015 0.005735 0.007894 0.009280 0.009757 0.009280 0.007894 0.005735 0.003015 -0.000000 
0.000000 0.002986 0.005679 0.007817 0.009189 0.009662 0.009189 0.007817 0.005679 0.002986 -0.000000 
0.000000 0.002956 0.005623 0.007740 0.009099 0.009567 0.009099 0.007740 0.005623 0.002956 -0.000000 
0.000000 0.002928 0.005568 0.007664 0.009010 0.009474 0.009010 0.007664 0.005568 0.002927 -0.000000 
0.000000 0.002899 0.005514 0.007589 0.008922 0.009381 0.008922 0.007589 0.005514 0.002899 -0.000000 
0.000000 0.002870 0.005460 0.007515 0.008834 0.009289 0.008834 0.007515 0.005460 0.002870 -0.000000 
0.000000 0.002842 0.005407 0.007441 0.008748 0.009198 0.008748 0.007441 0.005406 0.002842 -0.000000 
0.000000 0.002815 0.005354 0.007369 0.008662 0.009108 0.008662 0.007369 0.005354 0.002815 -0.000000 
0.000000 0.002787 0.005301 0.007296 0.008577 0.009019 0.008577 0.007296 0.005301 0.002787 -0.000000 
0.000000 0.002760 0.005249 0.007225 0.008494 0.008931 0.008494 0.007225 0.005249 0.002760 -0.000000 
0.000000 0.002733 0.005198 0.007154 0.008410 0.008843 0.008410 0.007154 0.005198 0.002733 -0.000000 
0.000000 0.002706 0.005147 0.007084 0.008328 0.008757 0.008328 0.007084 0.005147 0.002706 -0.000000 
0.000000 0.002679 0.005097 0.007015 0.008247 0.008671 0.008247 0.007015 0.005097 0.002679 -0.000000 
0.000000 0.002653 0.005047 0.006946 0.008166 0.008586 0.008166 0.006946 0.005047 0.002653 -0.000000 
0.000000 0.002627 0.004997 0.006878 0.008086 0.008502 0.008086 0.006878 0.004997 0.002627 -0.000000 
0.000000 0.002602 0.004948 0.006811 0.008007 0.008419 0.008007 0.006811 0.004948 0.002602 -0.000000 
0.000000 0.002576 0.004900 0.006744 0.007928 0.008336 0.007928 0.006744 0.004900 0.002576 -0.000000 
0.000000 0.002551 0.004852 0.006678 0.007851 0.008255 0.007851 0.006678 0.004852 0.002551 -0.000000 
0.000000 0.002526 0.004805 0.006613 0.007774 0.008174 0.007774 0.006613 0.004805 0.002526 -0.000000 
0.000000 0.002501 0.004758 0.006548 0.007698 0.008094 0.007698 0.006548 0.004757 0.002501 -0.000000 
0.000000 0.002477 0.004711 0.006484 0.007622 0.008015 0.007622 0.006484 0.004711 0.002477 -0.000000 
0.000000 0.002452 0.004665 0.006421 0.007548 0.007936 0.007548 0.006421 0.004665 0.002452 -0.000000 
0.000000 0.002428 0.004619 0.006358 0.007474 0.007859 0.007474 0.006358 0.004619 0.002428 -0.000000 
0.000000 0.002405 0.004574 0.006295 0.007401 0.007782 0.007401 0.006295 0.004574 0.002405 -0.000000 
0.000000 0.002381 0.004529 0.006234 0.007328 0.007705 0.007328 0.006234 0.004529 0.002381 -0.000000 
0.000000 0.002358 0.004485 0.006173 0.007257 0.007630 0.007257 0.006173 0.004485 0.002358 -0.000000 
0.000000 0.002335 0.004441 0.006112 0.007186 0.007555 0.007186 0.006112 0.004441 0.002335 -0.000000 
0.000000 0.002312 0.004397 0.006053 0.007115 0.007481 0.007115 0.006053 0.004397 0.002312 -0.000000 
0.000000 0.002289 0.004354 0.005993 0.007046 0.007408 0.007046 0.005993 0.004354 0.002289 -0.000000 
0.000000 0.002267 0.004312 0.005935 0.006977 0.007336 0.006977 0.005935 0.004312 0.002267 -0.000000 
0.000000 0.002245 0.004270 0.005877 0.006908 0.007264 0.006908 0.005877 0.004270 0.002245 -0.000000 
0.000000 0.002223 0.004228 0.005819 0.006841 0.007193 0.006841 0.005819 0.004228 0.002223 -0.000000 
0.000000 0.002201 0.004186 0.005762 0.006774 0.007122 0.006774 0.005762 0.004186 0.002201 -0.000000 
0.000000 0.002179 0.004145 0.005706 0.006707 0.007053 0.006707 0.005706 0.004145 0.002179 -0.000000 
0.000000 0.002158 0.004105 0.005650 0.006642 0.006984 0.006642 0.005650 0.004105 0.002158 -0.000000 
0.000000 0.002137 0.004065 0.005595 0.006577 0.006915 0.006577 0.005595 0.004065 0.002137 -0.000000 
0.000000 0.002116 0.004025 0.005540 0.006512 0.006848 0.006512 0.005540 0.004025 0.002116 -0.000000 
0.000000 0.002095 0.003985 0.005486 0.006449 0.006781 0.006449 0.005486 0.003985 0.002095 -0.000000 
0.000000 0.002075 0.003946 0.005432 0.006386 0.006714 0.006386 0.005432 0.003946 0.002075 -0.000000 
0.000000 0.002054 0.003908 0.005379 0.006323 0.006648 0.006323 0.005379 0.003908 0.002054 -0.000000 
0.000000 0.002034 0.003870 0.005326 0.006261 0.006583 0.006261 0.005326 0.003870 0.002034 -0.000000 
0.000000 0.002014 0.003832 0.005274 0.006200 0.006519 0.006200 0.005274 0.003832 0.002014 -0.000000 
0.000000 0.001995 0.003794 0.005222 0.006139 0.006455 0.006139 0.005222 0.003794 0.001995 -0.000000 
0.000000 0.001975 0.003757 0.005171 0.006079 0.006392 0.006079 0.005171 0.003757 0.001975 -0.000000 
0.000000 0.001956 0.003720 0.005121 0.006020 0.006329 0.006020 0.005121 0.003720 0.001956 -0.000000 
0.000000 0.001937 0.003684 0.005070 0.005961 0.006267 0.005961 0.005070 0.003684 0.001937 -0.000000 
0.000000 0.001918 0.003648 0.005021 0.005902 0.006206 0.005902 0.005021 0.003648 0.001918 -0.000000 
