0.000000 0.613271 0.992294 1.183277 1.113271 0.809017 0.386729 0.007706 -0.183277 -0.113271 -0.000000 
0.000000 0.379022 0.804254 0.922288 0.879022 0.690983 0.429995 0.195746 0.077712 -0.070005 -0.000000 
0.000000 0.425232 0.497056 0.760988 0.734249 0.618034 0.456734 0.311961 0.048028 0.147717 -0.000000 
0.000000 0.071825 0.689164 0.470317 0.644774 0.572949 0.473260 0.192802 0.411649 -0.099689 -0.000000 
0.000000 0.617339 -0.147022 0.863621 0.398492 0.545085 0.292491 0.692107 -0.318536 0.511338 -0.000000 
0.000000 -0.764361 1.627982 -0.612151 1.010214 0.145898 0.944701 -0.718152 1.521981 -0.829874 -0.000000 
0.000000 2.392344 -3.004495 3.250347 -1.476467 1.809017 -1.516956 3.184835 -3.070007 2.351855 -0.000000 
0.000000 -5.396838 8.647185 -7.731308 6.535831 -4.802439 6.510807 -7.771797 8.606697 -5.421862 -0.000000 
0.000000 14.044024 -21.775332 22.914324 -19.069578 17.849077 -19.085044 22.889301 -21.800356 14.028559 -0.000000 
0.000000 -35.819356 58.733681 -63.759235 59.832980 -56.003699 59.823422 -63.774700 58.718215 -35.828914 -0.000000 
0.000000 94.553037 -158.312272 182.325895 -179.595913 175.660100 -179.601821 182.316337 -158.321830 94.547130 -0.000000 
0.000000 -252.865309 435.191204 -520.234080 537.581908 -534.857834 537.578258 -520.239988 435.185297 -252.868960 -0.000000 
0.000000 688.056513 -1208.290593 1493.007193 -1592.673823 1610.018000 -1592.676079 1493.003542 -1208.294244 688.054256 -0.000000 
0.000000 -1896.347105 3389.354298 -4293.971608 4695.699015 -4795.367901 4695.697620 -4293.973864 3389.352042 -1896.348500 -0.000000 
0.000000 5285.701404 -9579.673012 12379.024921 -13785.038524 14186.764537 -13785.039386 12379.023527 -9579.674406 5285.700542 -0.000000 
0.000000 -14865.374415 27244.399336 -35743.736457 40350.827982 -41756.842447 40350.827449 -35743.737319 27244.398475 -14865.374948 -0.000000 
0.000000 42109.773752 -77853.510209 103338.963776 -117851.406886 122458.497879 -117851.407216 103338.963243 -77853.510742 42109.773423 -0.000000 
0.000000 -119963.283961 223302.247737 -299043.880871 343648.868541 -358161.311981 343648.868338 -299043.881200 223302.247407 -119963.284164 -0.000000 
0.000000 343265.531697 -642309.412568 865994.997149 -1000854.061393 1045459.048859 -1000854.061519 865994.996945 -642309.412772 343265.531571 -0.000000 
0.000000 -985574.944266 1851569.941414 -2509158.471110 2912308.107401 -3047167.171771 2912308.107323 -2509158.471236 1851569.941289 -985574.944343 0.000000 
0.000000 2837144.885680 -5346303.356790 7273036.519925 -8468633.750282 8871783.386495 -8468633.750330 7273036.519848 -5346303.356868 2837144.885632 0.000000 
0.000000 -8183448.242470 15456484.762395 -21087973.626997 24613453.656702 -25809050.887107 24613453.656673 -21087973.627045 15456484.762347 -8183448.242499 0.000000 
0.000000 23639933.004865 -44727906.631862 61157912.046095 -71510478.170807 75035958.200482 -71510478.170825 61157912.046065 -44727906.631891 23639933.004846 0.000000 
0.000000 -68367839.636727 129525751.682822 -177396296.848764 207704348.417383 -218056914.542113 207704348.417371 -177396296.848780 129525751.682802 -68367839.636737 0.000000 
0.000000 197893591.319549 -375289888.168312 514626396.948969 -603157559.808260 633465611.376868 -603157559.808265 514626396.948954 -375289888.168320 197893591.319539 0.000000 
0.000000 -573183479.487861 1087809876.436829 -1493073844.925541 1751249568.134097 -1839780730.993393 1751249568.134086 -1493073844.925538 1087809876.436812 -573183479.487859 0.000000 
0.000000 1660993355.924690 -3154067200.850230 4332133289.496467 -5084104144.053030 5342279867.261576 -5084104144.053017 4332133289.496436 -3154067200.850208 1660993355.924671 0.000000 
0.000000 -4815060556.774920 9147193846.271385 -12570304634.399723 14758517300.811068 -15510488155.367620 14758517300.811028 -12570304634.399658 9147193846.271313 -4815060556.774878 0.000000 
0.000000 13962254403.046301 -26532559037.446022 36476015781.482162 -42839310090.578400 45027522756.989708 -42839310090.578300 36476015781.481987 -26532559037.445843 13962254403.046186 0.000000 
0.000000 -40494813440.492317 76970829221.974487 -105847884909.506546 124342848629.050262 -130706142938.146393 124342848629.049957 -105847884909.506104 76970829221.973999 -40494813440.492020 0.000000 
0.000000 117465642662.466797 -223313527571.973267 307161562760.531250 -360896876476.703125 379391840196.246582 -360896876476.702393 307161562760.530029 -223313527571.972046 117465642662.465988 0.000000 
0.000000 -340779170234.440002 647940732994.971069 -891371966809.207520 1047450279433.480713 -1101185593149.651855 1047450279433.478760 -891371966809.204102 647940732994.967896 -340779170234.437927 0.000000 
0.000000 988719903229.410889 -1880091870038.618164 2586762979237.658691 -3040007839392.339844 3196086152016.610352 -3040007839392.333984 2586762979237.650391 -1880091870038.609863 988719903229.405518 0.000000 
0.000000 -2868811773268.028320 5455574752505.686523 -7506862688668.615234 8822856970646.607422 -9276101830801.281250 8822856970646.593750 -7506862688668.591797 5455574752505.664062 -2868811773268.014648 0.000000 
0.000000 8324386525773.713867 -15831249214442.324219 21785294411820.906250 -25605821490116.492188 26921815772094.476562 -25605821490116.457031 21785294411820.843750 -15831249214442.269531 8324386525773.676758 0.000000 
0.000000 -24155635740216.035156 45940930152036.937500 -63222365116379.703125 74312931674031.843750 -78133458752327.406250 74312931674031.765625 -63222365116379.562500 45940930152036.781250 -24155635740215.941406 0.000000 
0.000000 70096565892252.968750 -133318931008632.656250 183476226942448.437500 -215668755542738.906250 226759322100390.968750 -215668755542738.687500 183476226942448.093750 -133318931008632.250000 70096565892252.718750 0.000000 
0.000000 -203415496900885.593750 386891723843334.000000 -532463913493819.812500 625904304585578.125000 -658096833185868.375000 625904304585577.500000 -532463913493818.875000 386891723843332.937500 -203415496900884.937500 0.000000 
0.000000 590307220744219.375000 -1122771134238039.250000 1545259941922731.750000 -1816465051265266.000000 1909905442357023.500000 -1816465051265264.500000 1545259941922729.000000 -1122771134238036.500000 590307220744217.750000 0.000000 
0.000000 -1713078354982258.000000 3258338296904990.000000 -4484496127426036.000000 5271630435545020.000000 -5542835544887552.000000 5271630435545016.000000 -4484496127426029.000000 3258338296904982.500000 -1713078354982253.750000 0.000000 
0.000000 4971416651887247.000000 -9455912779313282.000000 13014464859876044.000000 -15298962107858604.000000 16086096415977584.000000 -15298962107858592.000000 13014464859876024.000000 -9455912779313264.000000 4971416651887235.000000 0.000000 
0.000000 -14427329431200524.000000 27441794291076568.000000 -37769339747047920.000000 44399523383712224.000000 -46684020631694776.000000 44399523383712192.000000 -37769339747047872.000000 27441794291076512.000000 -14427329431200492.000000 0.000000 
0.000000 41869123722277088.000000 -79638463469324992.000000 109610657421836688.000000 -128852883762454880.000000 135483067399119168.000000 -128852883762454816.000000 109610657421836544.000000 -79638463469324864.000000 41869123722276992.000000 0.000000 
0.000000 -121507587191602048.000000 231118244613438720.000000 -318102004653616512.000000 373946608583410688.000000 -393188834924028800.000000 373946608583410432.000000 -318102004653616192.000000 231118244613438336.000000 -121507587191601824.000000 0.000000 
0.000000 352625831805040704.000000 -670727836458657024.000000 923166857850465664.000000 -1085237448161055744.000000 1141082052090849664.000000 -1085237448161055232.000000 923166857850464768.000000 -670727836458656256.000000 352625831805040128.000000 0.000000 
0.000000 -1023353668263697408.000000 1946520526114162944.000000 -2679132142470177792.000000 3149486358102370304.000000 -3311556948412960256.000000 3149486358102369280.000000 -2679132142470175744.000000 1946520526114160640.000000 -1023353668263696128.000000 0.000000 
0.000000 2969874194377860096.000000 -5649006336848037888.000000 7775139026686708736.000000 -9140175448985507840.000000 9610529664617697280.000000 -9140175448985502720.000000 7775139026686704640.000000 -5649006336848031744.000000 2969874194377856000.000000 0.000000 
0.000000 -8618880531225895936.000000 16394019557912602624.000000 -22564320812520247296.000000 26525844140289908736.000000 -27890880562588700672.000000 26525844140289900544.000000 -22564320812520235008.000000 16394019557912588288.000000 -8618880531225885696.000000 0.000000 
0.000000 25012900089138495488.000000 -47577220901658738688.000000 65484184510722752512.000000 -76981045515398840320.000000 80942568843168497664.000000 -76981045515398807552.000000 65484184510722711552.000000 -47577220901658705920.000000 25012900089138470912.000000 0.000000 
0.000000 -72590120990797217792.000000 138074305501519953920.000000 -190042450927780298752.000000 223407798869290024960.000000 -234904659873966063616.000000 223407798869289992192.000000 -190042450927780200448.000000 138074305501519888384.000000 -72590120990797160448.000000 0.000000 
