0.000000 0.579813 1.056164 1.292130 1.214660 0.859556 0.364009 -0.084252 -0.320218 -0.270837 -0.000000 
0.000000 0.481261 0.863969 1.054483 1.007350 0.752906 0.391813 0.058523 -0.131990 -0.134276 -0.000000 
0.000000 0.397408 0.710968 0.871535 0.849114 0.668761 0.403715 0.150865 -0.009702 -0.047991 -0.000000 
0.000000 0.329015 0.589691 0.728978 0.725844 0.599405 0.403552 0.207499 0.068213 0.006723 -0.000000 
0.000000 0.274206 0.493541 0.616658 0.627737 0.540604 0.394530 0.239322 0.116206 0.041000 -0.000000 
0.000000 0.230451 0.417073 0.527282 0.548153 0.489368 0.379404 0.254241 0.144032 0.061702 -0.000000 
0.000000 0.195356 0.355792 0.455239 0.482466 0.444314 0.360385 0.257707 0.158260 0.073275 -0.000000 
0.000000 0.167135 0.306363 0.396345 0.427612 0.403842 0.339302 0.253457 0.163475 0.078825 -0.000000 
0.000000 0.144237 0.266140 0.347729 0.380910 0.367515 0.317045 0.244395 0.162805 0.080372 -0.000000 
0.000000 0.125705 0.232975 0.307156 0.340838 0.334346 0.294633 0.232395 0.158214 0.079500 -0.000000 
0.000000 0.110207 0.205457 0.272738 0.306018 0.304421 0.272619 0.218697 0.151416 0.076808 -0.000000 
0.000000 0.097399 0.182109 0.243463 0.275485 0.277198 0.251329 0.204378 0.143024 0.073244 -0.000000 
0.000000 0.086527 0.162270 0.218101 0.248666 0.252348 0.231190 0.189825 0.133994 0.069051 -0.000000 
0.000000 0.077075 0.145249 0.195872 0.224823 0.229842 0.212281 0.175579 0.124956 0.064533 -0.000000 
0.000000 0.069086 0.130325 0.176574 0.203510 0.209386 0.194467 0.161941 0.115693 0.060043 -0.000000 
0.000000 0.061932 0.117173 0.159260 0.184354 0.190796 0.178108 0.149154 0.107068 0.055686 -0.000000 
0.000000 0.055743 0.105543 0.143937 0.167235 0.173765 0.162991 0.137070 0.098676 0.051499 -0.000000 
0.000000 0.050342 0.095176 0.130217 0.151995 0.158038 0.149224 0.125734 0.090693 0.047571 -0.000000 
0.000000 0.045468 0.086232 0.118082 0.138041 0.144074 0.136172 0.115058 0.083208 0.043599 -0.000000 
0.000000 0.041187 0.078119 0.107260 0.125367 0.131392 0.124148 0.105287 0.076147 0.039968 -0.000000 
0.000000 0.037369 0.070936 0.097420 0.114116 0.119597 0.113296 0.096094 0.069609 0.036549 -0.000000 
0.000000 0.033907 0.064487 0.088507 0.103904 0.108870 0.103369 0.087642 0.063621 0.033372 -0.000000 
0.000000 0.030880 0.058520 0.080662 0.094416 0.099349 0.094067 0.080098 0.057956 0.030531 -0.000000 
0.000000 0.028053 0.053295 0.073326 0.086043 0.090402 0.085808 0.072947 0.052915 0.027818 -0.000000 
0.000000 0.025494 0.048551 0.066667 0.078435 0.082251 0.078282 0.066419 0.048303 0.025341 -0.000000 
0.000000 0.023283 0.044068 0.060907 0.071220 0.075187 0.071120 0.060746 0.043906 0.023183 -0.000000 
0.000000 0.021157 0.040192 0.055357 0.064978 0.068358 0.064910 0.055248 0.040083 0.021090 -0.000000 
0.000000 0.019227 0.036673 0.050314 0.059303 0.062148 0.059259 0.050243 0.036602 0.019183 -0.000000 
0.000000 0.017527 0.033357 0.045872 0.053948 0.056672 0.053919 0.045825 0.033309 0.017498 -0.000000 
0.000000 0.015982 0.030340 0.041831 0.049076 0.051687 0.049057 0.041800 0.030309 0.015962 -0.000000 
0.000000 0.014510 0.027740 0.037982 0.044875 0.046935 0.044862 0.037961 0.027720 0.014498 -0.000000 
0.000000 0.013241 0.025214 0.034662 0.040791 0.042836 0.040782 0.034648 0.025201 0.013233 -0.000000 
0.000000 0.012088 0.022918 0.031645 0.037078 0.039109 0.037073 0.031636 0.022909 0.012083 -0.000000 
0.000000 0.010958 0.021029 0.028688 0.034023 0.035456 0.034019 0.028682 0.021023 0.010955 -0.000000 
0.000000 0.010015 0.019088 0.026219 0.030883 0.032407 0.030880 0.026215 0.019084 0.010013 -0.000000 
0.000000 0.009161 0.017329 0.023983 0.028038 0.029644 0.028037 0.023981 0.017327 0.009160 -0.000000 
0.000000 0.008326 0.015818 0.021798 0.025593 0.026943 0.025592 0.021796 0.015816 0.008325 -0.000000 
0.000000 0.007568 0.014444 0.019812 0.023371 0.024488 0.023370 0.019811 0.014443 0.007567 -0.000000 
0.000000 0.006948 0.013092 0.018191 0.021183 0.022484 0.021183 0.018190 0.013091 0.006948 -0.000000 
0.000000 0.006306 0.011969 0.016508 0.019365 0.020405 0.019365 0.016508 0.011968 0.006305 -0.000000 
0.000000 0.005724 0.010952 0.014985 0.017720 0.018522 0.017720 0.014985 0.010951 0.005724 -0.000000 
0.000000 0.005292 0.009913 0.013855 0.016039 0.017126 0.016039 0.013855 0.009912 0.005292 -0.000000 
0.000000 0.004792 0.009083 0.012545 0.014697 0.015506 0.014697 0.012545 0.009083 0.004792 -0.000000 
0.000000 0.004343 0.008340 0.011371 0.013494 0.014055 0.013494 0.011371 0.008340 0.004343 -0.000000 
0.000000 0.004061 0.007554 0.010631 0.012222 0.013141 0.012222 0.010631 0.007553 0.004061 -0.000000 
0.000000 0.003667 0.006940 0.009600 0.011230 0.011867 0.011230 0.009600 0.006940 0.003667 -0.000000 
0.000000 0.003320 0.006400 0.008692 0.010356 0.010744 0.010356 0.008692 0.006400 0.003320 -0.000000 
0.000000 0.003142 0.005816 0.008226 0.009411 0.010168 0.009411 0.008226 0.005816 0.003142 -0.000000 
0.000000 0.002832 0.005354 0.007415 0.008664 0.009165 0.008664 0.007415 0.005354 0.002832 -0.000000 
0.000000 0.002563 0.004954 0.006711 0.008016 0.008295 0.008016 0.006711 0.004954 0.002563 -0.000000 
