0.000000 0.675005 1.267248 1.564899 1.455794 0.981608 0.323465 -0.267248 -0.564899 -0.457324 -0.000000 
0.000000 0.665729 1.238772 1.525712 1.420634 0.963892 0.329959 -0.239036 -0.525977 -0.424946 -0.000000 
0.000000 0.655680 1.211037 1.487927 1.386761 0.946825 0.336212 -0.211899 -0.488789 -0.394870 -0.000000 
0.000000 0.645046 1.183982 1.451466 1.354126 0.930385 0.342227 -0.185821 -0.453304 -0.366852 -0.000000 
0.000000 0.634855 1.157911 1.416427 1.322778 0.914594 0.348000 -0.160796 -0.419312 -0.339922 -0.000000 
0.000000 0.624111 1.132488 1.382583 1.292550 0.899370 0.353555 -0.136743 -0.386838 -0.314884 -0.000000 
0.000000 0.612983 1.107654 1.349879 1.263402 0.884694 0.358893 -0.113647 -0.355872 -0.291526 -0.000000 
0.000000 0.601602 1.083369 1.318259 1.235290 0.870544 0.364016 -0.091491 -0.326381 -0.269672 -0.000000 
0.000000 0.590069 1.059611 1.287669 1.208173 0.856899 0.368926 -0.070260 -0.298319 -0.249177 -0.000000 
0.000000 0.578466 1.036363 1.258061 1.182009 0.843739 0.373623 -0.049934 -0.271632 -0.229920 -0.000000 
0.000000 0.566855 1.013616 1.229386 1.156756 0.831042 0.378107 -0.030495 -0.246265 -0.211794 -0.000000 
0.000000 0.555285 0.991363 1.201603 1.132375 0.818786 0.382378 -0.011918 -0.222158 -0.194712 -0.000000 
0.000000 0.543798 0.969601 1.174673 1.108828 0.806951 0.386436 0.005818 -0.199254 -0.178594 -0.000000 
0.000000 0.532424 0.948324 1.148558 1.086076 0.795515 0.390282 0.022739 -0.177495 -0.163370 -0.000000 
0.000000 0.521189 0.927530 1.123228 1.064085 0.784458 0.393916 0.038871 -0.156827 -0.148980 -0.000000 
0.000000 0.510113 0.907214 1.098650 1.042820 0.773761 0.397339 0.054239 -0.137196 -0.135368 -0.000000 
0.000000 0.499210 0.887374 1.074796 1.022250 0.763404 0.400554 0.068870 -0.118552 -0.122486 -0.000000 
0.000000 0.488495 0.868003 1.051640 1.002343 0.753368 0.403561 0.082791 -0.100846 -0.110287 -0.000000 
0.000000 0.477975 0.849097 1.029157 0.983070 0.743636 0.406364 0.096027 -0.084032 -0.098731 -0.000000 
0.000000 0.467659 0.830651 1.007324 0.964403 0.734190 0.408964 0.108605 -0.068068 -0.087780 -0.000000 
0.000000 0.457552 0.812659 0.986118 0.946316 0.725015 0.411366 0.120549 -0.052910 -0.077399 -0.000000 
0.000000 0.447656 0.795113 0.965518 0.928785 0.716094 0.413571 0.131885 -0.038520 -0.067557 -0.000000 
0.000000 0.437975 0.778006 0.945505 0.911784 0.707415 0.415584 0.142637 -0.024862 -0.058225 -0.000000 
0.000000 0.428509 0.761332 0.926058 0.895292 0.698962 0.417409 0.152828 -0.011898 -0.049373 -0.000000 
0.000000 0.419260 0.745083 0.907160 0.879287 0.690724 0.419050 0.162481 0.000403 -0.040978 -0.000000 
0.000000 0.410225 0.729250 0.888793 0.863750 0.682688 0.420510 0.171617 0.012073 -0.033014 -0.000000 
0.000000 0.401404 0.713825 0.870940 0.848660 0.674842 0.421795 0.180259 0.023143 -0.025460 -0.000000 
0.000000 0.392795 0.698800 0.853585 0.834000 0.667177 0.422909 0.188426 0.033641 -0.018295 -0.000000 
0.000000 0.384397 0.684166 0.836711 0.819751 0.659683 0.423856 0.196139 0.043594 -0.011499 -0.000000 
0.000000 0.376205 0.669915 0.820303 0.805899 0.652350 0.424641 0.203415 0.053027 -0.005053 -0.000000 
0.000000 0.368218 0.656038 0.804347 0.792426 0.645169 0.425269 0.210274 0.061965 0.001060 -0.000000 
0.000000 0.360431 0.642526 0.788829 0.779319 0.638133 0.425744 0.216733 0.070430 0.006856 -0.000000 
0.000000 0.352842 0.629371 0.773734 0.766562 0.631235 0.426071 0.222808 0.078445 0.012351 -0.000000 
0.000000 0.345446 0.616562 0.759048 0.754142 0.624467 0.426255 0.228516 0.086030 0.017559 -0.000000 
0.000000 0.338241 0.604093 0.744760 0.742047 0.617823 0.426301 0.233872 0.093205 0.022494 -0.000000 
0.000000 0.331221 0.591954 0.730857 0.730265 0.611297 0.426213 0.238891 0.099988 0.027170 -0.000000 
0.000000 0.324384 0.580137 0.717326 0.718782 0.604884 0.425996 0.243588 0.106399 0.031598 -0.000000 
0.000000 0.317725 0.568632 0.704156 0.707589 0.598578 0.425655 0.247976 0.112452 0.035790 -0.000000 
0.000000 0.311239 0.557433 0.691334 0.696675 0.592375 0.425193 0.252067 0.118165 0.039757 -0.000000 
0.000000 0.304923 0.546530 0.678852 0.686029 0.586269 0.424616 0.255876 0.123554 0.043510 -0.000000 
0.000000 0.298773 0.535915 0.666696 0.675642 0.580257 0.423927 0.259413 0.128631 0.047058 -0.000000 
0.000000 0.292785 0.525581 0.654859 0.665505 0.574336 0.423132 0.262691 0.133413 0.050412 -0.000000 
0.000000 0.286954 0.515519 0.643328 0.655609 0.568501 0.422234 0.265720 0.137911 0.053580 -0.000000 
0.000000 0.281277 0.505722 0.632095 0.645945 0.562749 0.421238 0.268511 0.142138 0.056570 -0.000000 
0.000000 0.275749 0.496183 0.621150 0.636506 0.557076 0.420147 0.271074 0.146107 0.059390 -0.000000 
0.000000 0.270367 0.486893 0.610484 0.627283 0.551481 0.418965 0.273420 0.149829 0.062049 -0.000000 
0.000000 0.265126 0.477847 0.600089 0.618269 0.545961 0.417697 0.275557 0.153315 0.064554 -0.000000 
0.000000 0.260023 0.469036 0.589956 0.609457 0.540512 0.416346 0.277495 0.156575 0.066911 -0.000000 
0.000000 0.255054 0.460455 0.580076 0.600841 0.535132 0.414915 0.279241 0.159620 0.069128 -0.000000 
0.000000 0.250215 0.452095 0.570442 0.592414 0.529820 0.413409 0.280806 0.162459 0.071210 -0.000000 
0.000000 0.245503 0.443951 0.561046 0.584170 0.524574 0.411830 0.282196 0.165101 0.073163 -0.000000 
0.000000 0.240913 0.436017 0.551881 0.576102 0.519390 0.410183 0.283419 0.167554 0.074994 -0.000000 
0.000000 0.236444 0.428286 0.542940 0.568206 0.514268 0.408470 0.284482 0.169828 0.076708 -0.000000 
0.000000 0.232090 0.420752 0.534215 0.560475 0.509206 0.406695 0.285393 0.171930 0.078310 -0.000000 
0.000000 0.227850 0.413409 0.525700 0.552904 0.504203 0.404860 0.286158 0.173868 0.079805 -0.000000 
0.000000 0.223719 0.406252 0.517388 0.545490 0.499256 0.402969 0.286785 0.175648 0.081198 -0.000000 
0.000000 0.219694 0.399275 0.509274 0.538225 0.494364 0.401024 0.287278 0.177279 0.082493 -0.000000 
0.000000 0.215772 0.392472 0.501350 0.531107 0.489527 0.399029 0.287644 0.178766 0.083695 -0.000000 
0.000000 0.211951 0.385839 0.493612 0.524130 0.484743 0.396987 0.287889 0.180116 0.084807 -0.000000 
0.000000 0.208227 0.379371 0.486054 0.517291 0.480011 0.394899 0.288019 0.181336 0.085835 -0.000000 
0.000000 0.204597 0.373061 0.478669 0.510585 0.475329 0.392768 0.288038 0.182430 0.086781 -0.000000 
0.000000 0.201059 0.366907 0.471454 0.504008 0.470697 0.390597 0.287952 0.183405 0.087649 -0.000000 
0.000000 0.197610 0.360902 0.464402 0.497556 0.466114 0.388389 0.287766 0.184266 0.088443 -0.000000 
0.000000 0.194248 0.355043 0.457509 0.491226 0.461579 0.386145 0.287484 0.185019 0.089166 -0.000000 
0.000000 0.190968 0.349326 0.450770 0.485015 0.457091 0.383868 0.287111 0.185667 0.089822 -0.000000 
0.000000 0.187771 0.343745 0.444180 0.478919 0.452649 0.381561 0.286652 0.186216 0.090412 -0.000000 
0.000000 0.184651 0.338296 0.437736 0.472934 0.448252 0.379224 0.286109 0.186670 0.090941 -0.000000 
0.000000 0.181609 0.332977 0.431432 0.467058 0.443900 0.376860 0.285489 0.187034 0.091411 -0.000000 
0.000000 0.178640 0.327783 0.425264 0.461287 0.439593 0.374472 0.284794 0.187312 0.091825 -0.000000 
0.000000 0.175744 0.322710 0.419229 0.455620 0.435328 0.372060 0.284027 0.187508 0.092184 -0.000000 
0.000000 0.172917 0.317754 0.413322 0.450052 0.431107 0.369628 0.283194 0.187626 0.092493 -0.000000 
0.000000 0.170158 0.312913 0.407541 0.444581 0.426927 0.367175 0.282296 0.187668 0.092752 -0.000000 
0.000000 0.167464 0.308182 0.401880 0.439205 0.422789 0.364706 0.281338 0.187640 0.092965 -0.000000 
0.000000 0.164834 0.303559 0.396337 0.433921 0.418692 0.362220 0.280322 0.187544 0.093133 -0.000000 
0.000000 0.162266 0.299040 0.390909 0.428727 0.414636 0.359719 0.279252 0.187383 0.093259 -0.000000 
0.000000 0.159758 0.294622 0.385591 0.423620 0.410619 0.357205 0.278130 0.187161 0.093344 -0.000000 
0.000000 0.157308 0.290303 0.380381 0.418598 0.406642 0.354680 0.276960 0.186881 0.093390 -0.000000 
0.000000 0.154915 0.286078 0.375276 0.413659 0.402704 0.352144 0.275743 0.186545 0.093400 -0.000000 
0.000000 0.152576 0.281946 0.370273 0.408801 0.398804 0.349600 0.274483 0.186157 0.093375 -0.000000 
0.000000 0.150291 0.277904 0.365368 0.404022 0.394943 0.347048 0.273182 0.185718 0.093317 -0.000000 
0.000000 0.148057 0.273949 0.360560 0.399320 0.391119 0.344489 0.271843 0.185231 0.093227 -0.000000 
0.000000 0.145873 0.270078 0.355845 0.394692 0.387332 0.341926 0.270467 0.184700 0.093106 -0.000000 
0.000000 0.143737 0.266289 0.351220 0.390138 0.383582 0.339358 0.269056 0.184126 0.092957 -0.000000 
0.000000 0.141649 0.262581 0.346684 0.385655 0.379869 0.336787 0.267614 0.183511 0.092781 -0.000000 
0.000000 0.139606 0.258949 0.342234 0.381242 0.376192 0.334215 0.266142 0.182857 0.092579 -0.000000 
0.000000 0.137608 0.255393 0.337867 0.376897 0.372550 0.331641 0.264642 0.182168 0.092352 -0.000000 
0.000000 0.135652 0.251910 0.333582 0.372618 0.368943 0.329067 0.263115 0.181443 0.092102 -0.000000 
0.000000 0.133739 0.248498 0.329375 0.368404 0.365372 0.326495 0.261564 0.180687 0.091829 -0.000000 
0.000000 0.131866 0.245154 0.325246 0.364254 0.361835 0.323924 0.259991 0.179899 0.091536 -0.000000 
0.000000 0.130032 0.241878 0.321191 0.360165 0.358332 0.321355 0.258396 0.179083 0.091223 -0.000000 
0.000000 0.128237 0.238667 0.317209 0.356137 0.354863 0.318791 0.256782 0.178239 0.090891 -0.000000 
0.000000 0.126479 0.235518 0.313298 0.352168 0.351427 0.316230 0.255149 0.177370 0.090541 -0.000000 
0.000000 0.124757 0.232432 0.309456 0.348256 0.348025 0.313674 0.253500 0.176476 0.090175 -0.000000 
0.000000 0.123070 0.229405 0.305681 0.344402 0.344655 0.311124 0.251836 0.175560 0.089792 -0.000000 
0.000000 0.121417 0.226436 0.301972 0.340602 0.341318 0.308580 0.250158 0.174623 0.089395 -0.000000 
0.000000 0.119797 0.223523 0.298326 0.336857 0.338013 0.306043 0.248468 0.173665 0.088983 -0.000000 
0.000000 0.118209 0.220666 0.294742 0.333164 0.334741 0.303513 0.246766 0.172689 0.088558 -0.000000 
0.000000 0.116653 0.217862 0.291219 0.329524 0.331499 0.300991 0.245053 0.171696 0.088121 -0.000000 
0.000000 0.115127 0.215109 0.287755 0.325934 0.328289 0.298478 0.243332 0.170686 0.087671 -0.000000 
0.000000 0.113630 0.212408 0.284349 0.322393 0.325110 0.295974 0.241602 0.169661 0.087211 -0.000000 
0.000000 0.112162 0.209755 0.280998 0.318901 0.321962 0.293480 0.239866 0.168622 0.086741 -0.000000 
0.000000 0.110722 0.207150 0.277703 0.315457 0.318844 0.290996 0.238123 0.167571 0.086260 -0.000000 
0.000000 0.109309 0.204592 0.274460 0.312059 0.315756 0.288522 0.236375 0.166507 0.085771 -0.000000 
0.000000 0.107922 0.202079 0.271270 0.308707 0.312698 0.286059 0.234623 0.165433 0.085273 -0.000000 
0.000000 0.106561 0.199611 0.268130 0.305400 0.309669 0.283607 0.232868 0.164348 0.084768 -0.000000 
0.000000 0.105225 0.197185 0.265040 0.302137 0.306670 0.281167 0.231109 0.163254 0.084255 -0.000000 
0.000000 0.103913 0.194801 0.261998 0.298916 0.303699 0.278738 0.229349 0.162152 0.083735 -0.000000 
0.000000 0.102625 0.192458 0.259004 0.295738 0.300758 0.276322 0.227588 0.161042 0.083209 -0.000000 
0.000000 0.101360 0.190155 0.256055 0.292601 0.297844 0.273919 0.225826 0.159926 0.082677 -0.000000 
0.000000 0.100117 0.187890 0.253151 0.289505 0.294959 0.271528 0.224065 0.158803 0.082140 -0.000000 
0.000000 0.098896 0.185663 0.250292 0.286448 0.292102 0.269151 0.222304 0.157676 0.081599 -0.000000 
0.000000 0.097696 0.183473 0.247475 0.283431 0.289272 0.266787 0.220545 0.156543 0.081052 -0.000000 
0.000000 0.096517 0.181319 0.244700 0.280451 0.286470 0.264437 0.218788 0.155406 0.080502 -0.000000 
0.000000 0.095358 0.179199 0.241967 0.277510 0.283694 0.262100 0.217034 0.154266 0.079948 -0.000000 
0.000000 0.094218 0.177114 0.239273 0.274605 0.280946 0.259778 0.215282 0.153124 0.079391 -0.000000 
0.000000 0.093098 0.175062 0.236619 0.271736 0.278224 0.257470 0.213535 0.151978 0.078831 -0.000000 
0.000000 0.091996 0.173043 0.234002 0.268903 0.275528 0.255176 0.211791 0.150831 0.078269 -0.000000 
0.000000 0.090913 0.171055 0.231424 0.266105 0.272859 0.252897 0.210052 0.149683 0.077704 -0.000000 
0.000000 0.089847 0.169098 0.228882 0.263341 0.270215 0.250632 0.208318 0.148534 0.077138 -0.000000 
0.000000 0.088798 0.167172 0.226376 0.260611 0.267597 0.248383 0.206589 0.147385 0.076569 -0.000000 
0.000000 0.087767 0.165275 0.223905 0.257914 0.265004 0.246148 0.204866 0.146236 0.076000 -0.000000 
0.000000 0.086751 0.163406 0.221468 0.255250 0.262436 0.243928 0.203149 0.145087 0.075429 -0.000000 
0.000000 0.085752 0.161566 0.219065 0.252618 0.259893 0.241724 0.201438 0.143939 0.074858 -0.000000 
0.000000 0.084768 0.159753 0.216695 0.250017 0.257375 0.239535 0.199735 0.142793 0.074286 -0.000000 
0.000000 0.083800 0.157967 0.214357 0.247447 0.254880 0.237361 0.198038 0.141648 0.073714 -0.000000 
0.000000 0.082846 0.156208 0.212051 0.244907 0.252411 0.235203 0.196349 0.140506 0.073142 -0.000000 
0.000000 0.081908 0.154474 0.209775 0.242398 0.249965 0.233060 0.194667 0.139365 0.072570 -0.000000 
0.000000 0.080983 0.152765 0.207530 0.239917 0.247542 0.230933 0.192993 0.138228 0.071998 -0.000000 
0.000000 0.080072 0.151080 0.205315 0.237466 0.245143 0.228822 0.191328 0.137093 0.071427 -0.000000 
0.000000 0.079175 0.149420 0.203129 0.235043 0.242768 0.226726 0.189670 0.135961 0.070857 -0.000000 
0.000000 0.078291 0.147783 0.200971 0.232649 0.240415 0.224645 0.188022 0.134833 0.070287 -0.000000 
0.000000 0.077420 0.146169 0.198842 0.230282 0.238085 0.222581 0.186382 0.133709 0.069719 -0.000000 
0.000000 0.076561 0.144577 0.196740 0.227942 0.235777 0.220532 0.184751 0.132589 0.069152 -0.000000 
0.000000 0.075715 0.143008 0.194665 0.225628 0.233492 0.218499 0.183129 0.131472 0.068586 -0.000000 
0.000000 0.074881 0.141460 0.192616 0.223341 0.231229 0.216482 0.181517 0.130361 0.068022 -0.000000 
0.000000 0.074059 0.139933 0.190593 0.221080 0.228988 0.214480 0.179914 0.129253 0.067459 -0.000000 
0.000000 0.073249 0.138427 0.188596 0.218845 0.226769 0.212494 0.178320 0.128151 0.066898 -0.000000 
0.000000 0.072450 0.136941 0.186624 0.216635 0.224571 0.210524 0.176737 0.127054 0.066339 -0.000000 
0.000000 0.071662 0.135475 0.184676 0.214449 0.222395 0.208570 0.175163 0.125962 0.065782 -0.000000 
0.000000 0.070885 0.134028 0.182752 0.212288 0.220239 0.206631 0.173599 0.124875 0.065228 -0.000000 
0.000000 0.070118 0.132600 0.180853 0.210151 0.218105 0.204708 0.172045 0.123793 0.064675 -0.000000 
0.000000 0.069362 0.131191 0.178976 0.208038 0.215991 0.202800 0.170502 0.122717 0.064125 -0.000000 
0.000000 0.068616 0.129801 0.177122 0.205948 0.213897 0.200908 0.168969 0.121647 0.063577 -0.000000 
0.000000 0.067880 0.128428 0.175291 0.203881 0.211824 0.199032 0.167446 0.120583 0.063032 -0.000000 
0.000000 0.067154 0.127073 0.173481 0.201836 0.209771 0.197171 0.165933 0.119525 0.062489 -0.000000 
0.000000 0.066438 0.125735 0.171694 0.199814 0.207738 0.195326 0.164431 0.118472 0.061949 -0.000000 
0.000000 0.065731 0.124415 0.169928 0.197815 0.205724 0.193495 0.162939 0.117426 0.061412 -0.000000 
0.000000 0.065033 0.123111 0.168182 0.195836 0.203730 0.191681 0.161458 0.116387 0.060877 -0.000000 
0.000000 0.064344 0.121823 0.166458 0.193880 0.201755 0.189881 0.159988 0.115353 0.060346 -0.000000 
0.000000 0.063665 0.120551 0.164753 0.191944 0.199800 0.188097 0.158528 0.114326 0.059817 -0.000000 
0.000000 0.062993 0.119295 0.163069 0.190030 0.197863 0.186328 0.157079 0.113305 0.059292 -0.000000 
0.000000 0.062331 0.118055 0.161404 0.188136 0.195945 0.184574 0.155641 0.112292 0.058769 -0.000000 
0.000000 0.061677 0.116829 0.159759 0.186262 0.194046 0.182835 0.154213 0.111284 0.058250 -0.000000 
0.000000 0.061031 0.115619 0.158132 0.184408 0.192165 0.181111 0.152797 0.110284 0.057733 -0.000000 
0.000000 0.060393 0.114423 0.156524 0.182575 0.190302 0.179402 0.151391 0.109290 0.057220 -0.000000 
0.000000 0.059763 0.113242 0.154935 0.180760 0.188458 0.177708 0.149995 0.108303 0.056710 -0.000000 
0.000000 0.059140 0.112075 0.153364 0.178965 0.186631 0.176028 0.148611 0.107322 0.056203 -0.000000 
0.000000 0.058526 0.110922 0.151810 0.177189 0.184822 0.174363 0.147237 0.106349 0.055700 -0.000000 
0.000000 0.057919 0.109782 0.150274 0.175432 0.183030 0.172713 0.145875 0.105382 0.055200 -0.000000 
0.000000 0.057319 0.108656 0.148756 0.173693 0.181256 0.171077 0.144522 0.104423 0.054703 -0.000000 
0.000000 0.056727 0.107543 0.147254 0.171973 0.179499 0.169455 0.143181 0.103470 0.054209 -0.000000 
0.000000 0.056142 0.106444 0.145770 0.170270 0.177759 0.167848 0.141851 0.102524 0.053719 -0.000000 
0.000000 0.055563 0.105357 0.144302 0.168586 0.176036 0.166255 0.140531 0.101586 0.053233 -0.000000 
0.000000 0.054992 0.104282 0.142850 0.166919 0.174330 0.164676 0.139222 0.100654 0.052750 -0.000000 
0.000000 0.054427 0.103221 0.141414 0.165269 0.172640 0.163112 0.137923 0.099730 0.052270 -0.000000 
0.000000 0.053869 0.102171 0.139994 0.163637 0.170967 0.161561 0.136635 0.098812 0.051793 -0.000000 
0.000000 0.053318 0.101133 0.138590 0.162021 0.169309 0.160024 0.135358 0.097901 0.051321 -0.000000 
0.000000 0.052773 0.100108 0.137201 0.160423 0.167668 0.158501 0.134091 0.096998 0.050851 -0.000000 
0.000000 0.052235 0.099093 0.135827 0.158841 0.166043 0.156992 0.132835 0.096101 0.050385 -0.000000 
0.000000 0.051702 0.098091 0.134469 0.157275 0.164433 0.155496 0.131590 0.095212 0.049923 -0.000000 
0.000000 0.051176 0.097099 0.133125 0.155725 0.162839 0.154013 0.130355 0.094329 0.049464 -0.000000 
0.000000 0.050656 0.096119 0.131795 0.154192 0.161261 0.152545 0.129130 0.093454 0.049009 -0.000000 
0.000000 0.050142 0.095150 0.130480 0.152674 0.159698 0.151089 0.127916 0.092586 0.048557 -0.000000 
0.000000 0.049633 0.094192 0.129179 0.151172 0.158150 0.149647 0.126712 0.091724 0.048108 -0.000000 
0.000000 0.049131 0.093244 0.127893 0.149685 0.156617 0.148218 0.125518 0.090870 0.047663 -0.000000 
0.000000 0.048634 0.092307 0.126619 0.148213 0.155098 0.146802 0.124335 0.090022 0.047222 -0.000000 
0.000000 0.048143 0.091380 0.125360 0.146757 0.153595 0.145398 0.123162 0.089182 0.046784 -0.000000 
0.000000 0.047657 0.090463 0.124114 0.145315 0.152106 0.144008 0.121999 0.088348 0.046350 -0.000000 
0.000000 0.047176 0.089556 0.122881 0.143888 0.150632 0.142630 0.120846 0.087522 0.045919 -0.000000 
0.000000 0.046701 0.088660 0.121661 0.142476 0.149172 0.141266 0.119703 0.086702 0.045491 -0.000000 
0.000000 0.046232 0.087773 0.120454 0.141077 0.147726 0.139913 0.118571 0.085889 0.045068 -0.000000 
0.000000 0.045767 0.086895 0.119260 0.139693 0.146294 0.138573 0.117448 0.085083 0.044647 -0.000000 
0.000000 0.045308 0.086028 0.118079 0.138324 0.144875 0.137246 0.116335 0.084284 0.044230 -0.000000 
0.000000 0.044853 0.085169 0.116909 0.136968 0.143471 0.135931 0.115231 0.083491 0.043816 -0.000000 
0.000000 0.044404 0.084320 0.115753 0.135625 0.142080 0.134627 0.114138 0.082705 0.043406 -0.000000 
0.000000 0.043960 0.083480 0.114608 0.134297 0.140703 0.133336 0.113054 0.081926 0.043000 -0.000000 
0.000000 0.043520 0.082649 0.113475 0.132981 0.139339 0.132057 0.111980 0.081154 0.042596 -0.000000 
0.000000 0.043085 0.081827 0.112354 0.131679 0.137988 0.130790 0.110916 0.080388 0.042196 -0.000000 
0.000000 0.042655 0.081013 0.111245 0.130390 0.136651 0.129535 0.109861 0.079629 0.041800 -0.000000 
0.000000 0.042229 0.080208 0.110147 0.129114 0.135326 0.128291 0.108815 0.078877 0.041407 -0.000000 
0.000000 0.041809 0.079412 0.109060 0.127851 0.134014 0.127059 0.107779 0.078131 0.041017 -0.000000 
0.000000 0.041392 0.078624 0.107985 0.126601 0.132715 0.125839 0.106753 0.077392 0.040630 -0.000000 
0.000000 0.040980 0.077845 0.106921 0.125363 0.131429 0.124630 0.105735 0.076659 0.040247 -0.000000 
0.000000 0.040573 0.077074 0.105868 0.124137 0.130155 0.123432 0.104727 0.075932 0.039867 -0.000000 
0.000000 0.040169 0.076310 0.104826 0.122924 0.128893 0.122245 0.103728 0.075212 0.039491 -0.000000 
0.000000 0.039770 0.075555 0.103794 0.121723 0.127643 0.121070 0.102738 0.074499 0.039118 -0.000000 
0.000000 0.039376 0.074808 0.102773 0.120533 0.126406 0.119905 0.101756 0.073791 0.038748 -0.000000 
0.000000 0.038985 0.074068 0.101762 0.119356 0.125181 0.118752 0.100784 0.073090 0.038381 -0.000000 
0.000000 0.038599 0.073337 0.100762 0.118191 0.123967 0.117609 0.099821 0.072396 0.038017 -0.000000 
0.000000 0.038216 0.072613 0.099772 0.117037 0.122766 0.116477 0.098867 0.071707 0.037657 -0.000000 
0.000000 0.037838 0.071896 0.098792 0.115894 0.121576 0.115356 0.097921 0.071025 0.037300 -0.000000 
0.000000 0.037464 0.071187 0.097822 0.114763 0.120397 0.114245 0.096984 0.070348 0.036946 -0.000000 
0.000000 0.037093 0.070485 0.096862 0.113644 0.119230 0.113145 0.096056 0.069678 0.036595 -0.000000 
0.000000 0.036727 0.069790 0.095912 0.112535 0.118074 0.112055 0.095136 0.069014 0.036247 -0.000000 
0.000000 0.036364 0.069103 0.094971 0.111437 0.116930 0.110976 0.094225 0.068356 0.035902 -0.000000 
0.000000 0.036005 0.068422 0.094040 0.110351 0.115796 0.109907 0.093322 0.067704 0.035561 -0.000000 
0.000000 0.035650 0.067749 0.093118 0.109275 0.114674 0.108847 0.092427 0.067058 0.035222 -0.000000 
0.000000 0.035298 0.067083 0.092206 0.108209 0.113562 0.107798 0.091541 0.066418 0.034887 -0.000000 
0.000000 0.034950 0.066423 0.091303 0.107155 0.112461 0.106759 0.090663 0.065783 0.034555 -0.000000 
0.000000 0.034606 0.065770 0.090409 0.106110 0.111371 0.105730 0.089793 0.065154 0.034225 -0.000000 
0.000000 0.034265 0.065124 0.089524 0.105076 0.110291 0.104710 0.088931 0.064531 0.033899 -0.000000 
0.000000 0.033928 0.064484 0.088648 0.104053 0.109222 0.103700 0.088078 0.063914 0.033575 -0.000000 
0.000000 0.033594 0.063851 0.087780 0.103039 0.108163 0.102700 0.087232 0.063303 0.033255 -0.000000 
0.000000 0.033263 0.063224 0.086922 0.102035 0.107115 0.101709 0.086394 0.062697 0.032937 -0.000000 
0.000000 0.032936 0.062604 0.086072 0.101042 0.106077 0.100728 0.085564 0.062096 0.032623 -0.000000 
0.000000 0.032613 0.061990 0.085230 0.100058 0.105048 0.099756 0.084742 0.061502 0.032311 -0.000000 
0.000000 0.032292 0.061382 0.084397 0.099084 0.104030 0.098793 0.083927 0.060912 0.032002 -0.000000 
0.000000 0.031975 0.060781 0.083572 0.098119 0.103022 0.097840 0.083120 0.060328 0.031696 -0.000000 
0.000000 0.031661 0.060185 0.082756 0.097164 0.102023 0.096895 0.082321 0.059750 0.031392 -0.000000 
0.000000 0.031661 0.060185 0.082756 0.097164 0.102023 0.096895 0.082321 0.059750 0.031392 -0.000000 
0.000000 0.031661 0.060185 0.082756 0.097164 0.102023 0.096895 0.082321 0.059750 0.031392 -0.000000 
0.000000 0.031661 0.060185 0.082756 0.097164 0.102023 0.096895 0.082321 0.059750 0.031392 -0.000000 
0.000000 0.031661 0.060185 0.082756 0.097164 0.102023 0.096895 0.082321 0.059750 0.031392 -0.000000 
0.000000 0.031661 0.060185 0.082756 0.097164 0.102023 0.096895 0.082321 0.059750 0.031392 -0.000000 
0.000000 0.031661 0.060185 0.082756 0.097164 0.102023 0.096895 0.082321 0.059750 0.031392 -0.000000 
0.000000 0.031661 0.060185 0.082756 0.097164 0.102023 0.096895 0.082321 0.059750 0.031392 -0.000000 
0.000000 0.031661 0.060185 0.082756 0.097164 0.102023 0.096895 0.082321 0.059750 0.031392 -0.000000 
0.000000 0.031661 0.060185 0.082756 0.097164 0.102023 0.096895 0.082321 0.059750 0.031392 -0.000000 
0.000000 0.031661 0.060185 0.082756 0.097164 0.102023 0.096895 0.082321 0.059750 0.031392 -0.000000 
0.000000 0.031661 0.060185 0.082756 0.097164 0.102023 0.096895 0.082321 0.059750 0.031392 -0.000000 
0.000000 0.031661 0.060185 0.082756 0.097164 0.102023 0.096895 0.082321 0.059750 0.031392 -0.000000 
0.000000 0.031661 0.060185 0.082756 0.097164 0.102023 0.096895 0.082321 0.059750 0.031392 -0.000000 
0.000000 0.031661 0.060185 0.082756 0.097164 0.102023 0.096895 0.082321 0.059750 0.031392 -0.000000 
0.000000 0.031661 0.060185 0.082756 0.097164 0.102023 0.096895 0.082321 0.059750 0.031392 -0.000000 
0.000000 0.031661 0.060185 0.082756 0.097164 0.102023 0.096895 0.082321 0.059750 0.031392 -0.000000 
0.000000 0.031661 0.060185 0.082756 0.097164 0.102023 0.096895 0.082321 0.059750 0.031392 -0.000000 
0.000000 0.031661 0.060185 0.082756 0.097164 0.102023 0.096895 0.082321 0.059750 0.031392 -0.000000 
0.000000 0.031661 0.060185 0.082756 0.097164 0.102023 0.096895 0.082321 0.059750 0.031392 -0.000000 
0.000000 0.031661 0.060185 0.082756 0.097164 0.102023 0.096895 0.082321 0.059750 0.031392 -0.000000 
0.000000 0.031661 0.060185 0.082756 0.097164 0.102023 0.096895 0.082321 0.059750 0.031392 -0.000000 
0.000000 0.031661 0.060185 0.082756 0.097164 0.102023 0.096895 0.082321 0.059750 0.031392 -0.000000 
0.000000 0.031661 0.060185 0.082756 0.097164 0.102023 0.096895 0.082321 0.059750 0.031392 -0.000000 
0.000000 0.031661 0.060185 0.082756 0.097164 0.102023 0.096895 0.082321 0.059750 0.031392 -0.000000 
0.000000 0.031661 0.060185 0.082756 0.097164 0.102023 0.096895 0.082321 0.059750 0.031392 -0.000000 
0.000000 0.031661 0.060185 0.082756 0.097164 0.102023 0.096895 0.082321 0.059750 0.031392 -0.000000 
0.000000 0.031661 0.060185 0.082756 0.097164 0.102023 0.096895 0.082321 0.059750 0.031392 -0.000000 
0.000000 0.031661 0.060185 0.082756 0.097164 0.102023 0.096895 0.082321 0.059750 0.031392 -0.000000 
0.000000 0.031661 0.060185 0.082756 0.097164 0.102023 0.096895 0.082321 0.059750 0.031392 -0.000000 
0.000000 0.031661 0.060185 0.082756 0.097164 0.102023 0.096895 0.082321 0.059750 0.031392 -0.000000 
0.000000 0.031661 0.060185 0.082756 0.097164 0.102023 0.096895 0.082321 0.059750 0.031392 -0.000000 
0.000000 0.031661 0.060185 0.082756 0.097164 0.102023 0.096895 0.082321 0.059750 0.031392 -0.000000 
0.000000 0.031661 0.060185 0.082756 0.097164 0.102023 0.096895 0.082321 0.059750 0.031392 -0.000000 
0.000000 0.031661 0.060185 0.082756 0.097164 0.102023 0.096895 0.082321 0.059750 0.031392 -0.000000 
0.000000 0.031661 0.060185 0.082756 0.097164 0.102023 0.096895 0.082321 0.059750 0.031392 -0.000000 
0.000000 0.031661 0.060185 0.082756 0.097164 0.102023 0.096895 0.082321 0.059750 0.031392 -0.000000 
0.000000 0.031661 0.060185 0.082756 0.097164 0.102023 0.096895 0.082321 0.059750 0.031392 -0.000000 
0.000000 0.031661 0.060185 0.082756 0.097164 0.102023 0.096895 0.082321 0.059750 0.031392 -0.000000 
0.000000 0.031661 0.060185 0.082756 0.097164 0.102023 0.096895 0.082321 0.059750 0.031392 -0.000000 
0.000000 0.031661 0.060185 0.082756 0.097164 0.102023 0.096895 0.082321 0.059750 0.031392 -0.000000 
0.000000 0.031661 0.060185 0.082756 0.097164 0.102023 0.096895 0.082321 0.059750 0.031392 -0.000000 
0.000000 0.031661 0.060185 0.082756 0.097164 0.102023 0.096895 0.082321 0.059750 0.031392 -0.000000 
0.000000 0.031661 0.060185 0.082756 0.097164 0.102023 0.096895 0.082321 0.059750 0.031392 -0.000000 
0.000000 0.031661 0.060185 0.082756 0.097164 0.102023 0.096895 0.082321 0.059750 0.031392 -0.000000 
0.000000 0.031661 0.060185 0.082756 0.097164 0.102023 0.096895 0.082321 0.059750 0.031392 -0.000000 
0.000000 0.031661 0.060185 0.082756 0.097164 0.102023 0.096895 0.082321 0.059750 0.031392 -0.000000 
0.000000 0.031661 0.060185 0.082756 0.097164 0.102023 0.096895 0.082321 0.059750 0.031392 -0.000000 
0.000000 0.031661 0.060185 0.082756 0.097164 0.102023 0.096895 0.082321 0.059750 0.031392 -0.000000 
0.000000 0.031661 0.060185 0.082756 0.097164 0.102023 0.096895 0.082321 0.059750 0.031392 -0.000000 
0.000000 0.031661 0.060185 0.082756 0.097164 0.102023 0.096895 0.082321 0.059750 0.031392 -0.000000 
0.000000 0.031661 0.060185 0.082756 0.097164 0.102023 0.096895 0.082321 0.059750 0.031392 -0.000000 
0.000000 0.031661 0.060185 0.082756 0.097164 0.102023 0.096895 0.082321 0.059750 0.031392 -0.000000 
0.000000 0.031661 0.060185 0.082756 0.097164 0.102023 0.096895 0.082321 0.059750 0.031392 -0.000000 
0.000000 0.031661 0.060185 0.082756 0.097164 0.102023 0.096895 0.082321 0.059750 0.031392 -0.000000 
0.000000 0.031661 0.060185 0.082756 0.097164 0.102023 0.096895 0.082321 0.059750 0.031392 -0.000000 
0.000000 0.031661 0.060185 0.082756 0.097164 0.102023 0.096895 0.082321 0.059750 0.031392 -0.000000 
0.000000 0.031661 0.060185 0.082756 0.097164 0.102023 0.096895 0.082321 0.059750 0.031392 -0.000000 
0.000000 0.031661 0.060185 0.082756 0.097164 0.102023 0.096895 0.082321 0.059750 0.031392 -0.000000 
0.000000 0.031661 0.060185 0.082756 0.097164 0.102023 0.096895 0.082321 0.059750 0.031392 -0.000000 
0.000000 0.031661 0.060185 0.082756 0.097164 0.102023 0.096895 0.082321 0.059750 0.031392 -0.000000 
0.000000 0.031661 0.060185 0.082756 0.097164 0.102023 0.096895 0.082321 0.059750 0.031392 -0.000000 
0.000000 0.031661 0.060185 0.082756 0.097164 0.102023 0.096895 0.082321 0.059750 0.031392 -0.000000 
0.000000 0.031661 0.060185 0.082756 0.097164 0.102023 0.096895 0.082321 0.059750 0.031392 -0.000000 
0.000000 0.031661 0.060185 0.082756 0.097164 0.102023 0.096895 0.082321 0.059750 0.031392 -0.000000 
0.000000 0.031661 0.060185 0.082756 0.097164 0.102023 0.096895 0.082321 0.059750 0.031392 -0.000000 
0.000000 0.031661 0.060185 0.082756 0.097164 0.102023 0.096895 0.082321 0.059750 0.031392 -0.000000 
0.000000 0.031661 0.060185 0.082756 0.097164 0.102023 0.096895 0.082321 0.059750 0.031392 -0.000000 
0.000000 0.031661 0.060185 0.082756 0.097164 0.102023 0.096895 0.082321 0.059750 0.031392 -0.000000 
0.000000 0.031661 0.060185 0.082756 0.097164 0.102023 0.096895 0.082321 0.059750 0.031392 -0.000000 
0.000000 0.031661 0.060185 0.082756 0.097164 0.102023 0.096895 0.082321 0.059750 0.031392 -0.000000 
0.000000 0.031661 0.060185 0.082756 0.097164 0.102023 0.096895 0.082321 0.059750 0.031392 -0.000000 
0.000000 0.031661 0.060185 0.082756 0.097164 0.102023 0.096895 0.082321 0.059750 0.031392 -0.000000 
0.000000 0.031661 0.060185 0.082756 0.097164 0.102023 0.096895 0.082321 0.059750 0.031392 -0.000000 
0.000000 0.031661 0.060185 0.082756 0.097164 0.102023 0.096895 0.082321 0.059750 0.031392 -0.000000 
0.000000 0.031661 0.060185 0.082756 0.097164 0.102023 0.096895 0.082321 0.059750 0.031392 -0.000000 
0.000000 0.031661 0.060185 0.082756 0.097164 0.102023 0.096895 0.082321 0.059750 0.031392 -0.000000 
0.000000 0.031661 0.060185 0.082756 0.097164 0.102023 0.096895 0.082321 0.059750 0.031392 -0.000000 
0.000000 0.031661 0.060185 0.082756 0.097164 0.102023 0.096895 0.082321 0.059750 0.031392 -0.000000 
0.000000 0.031661 0.060185 0.082756 0.097164 0.102023 0.096895 0.082321 0.059750 0.031392 -0.000000 
0.000000 0.031661 0.060185 0.082756 0.097164 0.102023 0.096895 0.082321 0.059750 0.031392 -0.000000 
0.000000 0.031661 0.060185 0.082756 0.097164 0.102023 0.096895 0.082321 0.059750 0.031392 -0.000000 
0.000000 0.031661 0.060185 0.082756 0.097164 0.102023 0.096895 0.082321 0.059750 0.031392 -0.000000 
0.000000 0.031661 0.060185 0.082756 0.097164 0.102023 0.096895 0.082321 0.059750 0.031392 -0.000000 
0.000000 0.031661 0.060185 0.082756 0.097164 0.102023 0.096895 0.082321 0.059750 0.031392 -0.000000 
0.000000 0.031661 0.060185 0.082756 0.097164 0.102023 0.096895 0.082321 0.059750 0.031392 -0.000000 
0.000000 0.031661 0.060185 0.082756 0.097164 0.102023 0.096895 0.082321 0.059750 0.031392 -0.000000 
0.000000 0.031661 0.060185 0.082756 0.097164 0.102023 0.096895 0.082321 0.059750 0.031392 -0.000000 
0.000000 0.031661 0.060185 0.082756 0.097164 0.102023 0.096895 0.082321 0.059750 0.031392 -0.000000 
0.000000 0.031661 0.060185 0.082756 0.097164 0.102023 0.096895 0.082321 0.059750 0.031392 -0.000000 
0.000000 0.031661 0.060185 0.082756 0.097164 0.102023 0.096895 0.082321 0.059750 0.031392 -0.000000 
0.000000 0.031661 0.060185 0.082756 0.097164 0.102023 0.096895 0.082321 0.059750 0.031392 -0.000000 
0.000000 0.031661 0.060185 0.082756 0.097164 0.102023 0.096895 0.082321 0.059750 0.031392 -0.000000 
0.000000 0.031661 0.060185 0.082756 0.097164 0.102023 0.096895 0.082321 0.059750 0.031392 -0.000000 
0.000000 0.031661 0.060185 0.082756 0.097164 0.102023 0.096895 0.082321 0.059750 0.031392 -0.000000 
0.000000 0.031661 0.060185 0.082756 0.097164 0.102023 0.096895 0.082321 0.059750 0.031392 -0.000000 
0.000000 0.031661 0.060185 0.082756 0.097164 0.102023 0.096895 0.082321 0.059750 0.031392 -0.000000 
0.000000 0.031661 0.060185 0.082756 0.097164 0.102023 0.096895 0.082321 0.059750 0.031392 -0.000000 
0.000000 0.031661 0.060185 0.082756 0.097164 0.102023 0.096895 0.082321 0.059750 0.031392 -0.000000 
0.000000 0.031661 0.060185 0.082756 0.097164 0.102023 0.096895 0.082321 0.059750 0.031392 -0.000000 
0.000000 0.031661 0.060185 0.082756 0.097164 0.102023 0.096895 0.082321 0.059750 0.031392 -0.000000 
0.000000 0.031661 0.060185 0.082756 0.097164 0.102023 0.096895 0.082321 0.059750 0.031392 -0.000000 
0.000000 0.031661 0.060185 0.082756 0.097164 0.102023 0.096895 0.082321 0.059750 0.031392 -0.000000 
0.000000 0.031661 0.060185 0.082756 0.097164 0.102023 0.096895 0.082321 0.059750 0.031392 -0.000000 
0.000000 0.031661 0.060185 0.082756 0.097164 0.102023 0.096895 0.082321 0.059750 0.031392 -0.000000 
0.000000 0.031661 0.060185 0.082756 0.097164 0.102023 0.096895 0.082321 0.059750 0.031392 -0.000000 
0.000000 0.031661 0.060185 0.082756 0.097164 0.102023 0.096895 0.082321 0.059750 0.031392 -0.000000 
0.000000 0.031661 0.060185 0.082756 0.097164 0.102023 0.096895 0.082321 0.059750 0.031392 -0.000000 
0.000000 0.031661 0.060185 0.082756 0.097164 0.102023 0.096895 0.082321 0.059750 0.031392 -0.000000 
0.000000 0.031661 0.060185 0.082756 0.097164 0.102023 0.096895 0.082321 0.059750 0.031392 -0.000000 
0.000000 0.031661 0.060185 0.082756 0.097164 0.102023 0.096895 0.082321 0.059750 0.031392 -0.000000 
0.000000 0.031661 0.060185 0.082756 0.097164 0.102023 0.096895 0.082321 0.059750 0.031392 -0.000000 
0.000000 0.031661 0.060185 0.082756 0.097164 0.102023 0.096895 0.082321 0.059750 0.031392 -0.000000 
0.000000 0.031661 0.060185 0.082756 0.097164 0.102023 0.096895 0.082321 0.059750 0.031392 -0.000000 
0.000000 0.031661 0.060185 0.082756 0.097164 0.102023 0.096895 0.082321 0.059750 0.031392 -0.000000 
0.000000 0.031661 0.060185 0.082756 0.097164 0.102023 0.096895 0.082321 0.059750 0.031392 -0.000000 
0.000000 0.031661 0.060185 0.082756 0.097164 0.102023 0.096895 0.082321 0.059750 0.031392 -0.000000 
0.000000 0.031661 0.060185 0.082756 0.097164 0.102023 0.096895 0.082321 0.059750 0.031392 -0.000000 
0.000000 0.031661 0.060185 0.082756 0.097164 0.102023 0.096895 0.082321 0.059750 0.031392 -0.000000 
0.000000 0.031661 0.060185 0.082756 0.097164 0.102023 0.096895 0.082321 0.059750 0.031392 -0.000000 
0.000000 0.031661 0.060185 0.082756 0.097164 0.102023 0.096895 0.082321 0.059750 0.031392 -0.000000 
0.000000 0.031661 0.060185 0.082756 0.097164 0.102023 0.096895 0.082321 0.059750 0.031392 -0.000000 
0.000000 0.031661 0.060185 0.082756 0.097164 0.102023 0.096895 0.082321 0.059750 0.031392 -0.000000 
0.000000 0.031661 0.060185 0.082756 0.097164 0.102023 0.096895 0.082321 0.059750 0.031392 -0.000000 
0.000000 0.031661 0.060185 0.082756 0.097164 0.102023 0.096895 0.082321 0.059750 0.031392 -0.000000 
0.000000 0.031661 0.060185 0.082756 0.097164 0.102023 0.096895 0.082321 0.059750 0.031392 -0.000000 
0.000000 0.031661 0.060185 0.082756 0.097164 0.102023 0.096895 0.082321 0.059750 0.031392 -0.000000 
0.000000 0.031661 0.060185 0.082756 0.097164 0.102023 0.096895 0.082321 0.059750 0.031392 -0.000000 
0.000000 0.031661 0.060185 0.082756 0.097164 0.102023 0.096895 0.082321 0.059750 0.031392 -0.000000 
0.000000 0.031661 0.060185 0.082756 0.097164 0.102023 0.096895 0.082321 0.059750 0.031392 -0.000000 
0.000000 0.031661 0.060185 0.082756 0.097164 0.102023 0.096895 0.082321 0.059750 0.031392 -0.000000 
0.000000 0.031661 0.060185 0.082756 0.097164 0.102023 0.096895 0.082321 0.059750 0.031392 -0.000000 
0.000000 0.031661 0.060185 0.082756 0.097164 0.102023 0.096895 0.082321 0.059750 0.031392 -0.000000 
0.000000 0.031661 0.060185 0.082756 0.097164 0.102023 0.096895 0.082321 0.059750 0.031392 -0.000000 
0.000000 0.031661 0.060185 0.082756 0.097164 0.102023 0.096895 0.082321 0.059750 0.031392 -0.000000 
0.000000 0.031661 0.060185 0.082756 0.097164 0.102023 0.096895 0.082321 0.059750 0.031392 -0.000000 
0.000000 0.031661 0.060185 0.082756 0.097164 0.102023 0.096895 0.082321 0.059750 0.031392 -0.000000 
0.000000 0.031661 0.060185 0.082756 0.097164 0.102023 0.096895 0.082321 0.059750 0.031392 -0.000000 
0.000000 0.031661 0.060185 0.082756 0.097164 0.102023 0.096895 0.082321 0.059750 0.031392 -0.000000 
0.000000 0.031661 0.060185 0.082756 0.097164 0.102023 0.096895 0.082321 0.059750 0.031392 -0.000000 
0.000000 0.031661 0.060185 0.082756 0.097164 0.102023 0.096895 0.082321 0.059750 0.031392 -0.000000 
0.000000 0.031661 0.060185 0.082756 0.097164 0.102023 0.096895 0.082321 0.059750 0.031392 -0.000000 
0.000000 0.031661 0.060185 0.082756 0.097164 0.102023 0.096895 0.082321 0.059750 0.031392 -0.000000 
0.000000 0.031661 0.060185 0.082756 0.097164 0.102023 0.096895 0.082321 0.059750 0.031392 -0.000000 
0.000000 0.031661 0.060185 0.082756 0.097164 0.102023 0.096895 0.082321 0.059750 0.031392 -0.000000 
0.000000 0.031661 0.060185 0.082756 0.097164 0.102023 0.096895 0.082321 0.059750 0.031392 -0.000000 
0.000000 0.031661 0.060185 0.082756 0.097164 0.102023 0.096895 0.082321 0.059750 0.031392 -0.000000 
0.000000 0.031661 0.060185 0.082756 0.097164 0.102023 0.096895 0.082321 0.059750 0.031392 -0.000000 
0.000000 0.031661 0.060185 0.082756 0.097164 0.102023 0.096895 0.082321 0.059750 0.031392 -0.000000 
0.000000 0.031661 0.060185 0.082756 0.097164 0.102023 0.096895 0.082321 0.059750 0.031392 -0.000000 
0.000000 0.031661 0.060185 0.082756 0.097164 0.102023 0.096895 0.082321 0.059750 0.031392 -0.000000 
0.000000 0.031661 0.060185 0.082756 0.097164 0.102023 0.096895 0.082321 0.059750 0.031392 -0.000000 
0.000000 0.031661 0.060185 0.082756 0.097164 0.102023 0.096895 0.082321 0.059750 0.031392 -0.000000 
0.000000 0.031661 0.060185 0.082756 0.097164 0.102023 0.096895 0.082321 0.059750 0.031392 -0.000000 
0.000000 0.031661 0.060185 0.082756 0.097164 0.102023 0.096895 0.082321 0.059750 0.031392 -0.000000 
0.000000 0.031661 0.060185 0.082756 0.097164 0.102023 0.096895 0.082321 0.059750 0.031392 -0.000000 
0.000000 0.031661 0.060185 0.082756 0.097164 0.102023 0.096895 0.082321 0.059750 0.031392 -0.000000 
0.000000 0.031661 0.060185 0.082756 0.097164 0.102023 0.096895 0.082321 0.059750 0.031392 -0.000000 
0.000000 0.031661 0.060185 0.082756 0.097164 0.102023 0.096895 0.082321 0.059750 0.031392 -0.000000 
0.000000 0.031661 0.060185 0.082756 0.097164 0.102023 0.096895 0.082321 0.059750 0.031392 -0.000000 
0.000000 0.031661 0.060185 0.082756 0.097164 0.102023 0.096895 0.082321 0.059750 0.031392 -0.000000 
0.000000 0.031661 0.060185 0.082756 0.097164 0.102023 0.096895 0.082321 0.059750 0.031392 -0.000000 
0.000000 0.031661 0.060185 0.082756 0.097164 0.102023 0.096895 0.082321 0.059750 0.031392 -0.000000 
0.000000 0.031661 0.060185 0.082756 0.097164 0.102023 0.096895 0.082321 0.059750 0.031392 -0.000000 
0.000000 0.031661 0.060185 0.082756 0.097164 0.102023 0.096895 0.082321 0.059750 0.031392 -0.000000 
0.000000 0.031661 0.060185 0.082756 0.097164 0.102023 0.096895 0.082321 0.059750 0.031392 -0.000000 
0.000000 0.031661 0.060185 0.082756 0.097164 0.102023 0.096895 0.082321 0.059750 0.031392 -0.000000 
0.000000 0.031661 0.060185 0.082756 0.097164 0.102023 0.096895 0.082321 0.059750 0.031392 -0.000000 
0.000000 0.031661 0.060185 0.082756 0.097164 0.102023 0.096895 0.082321 0.059750 0.031392 -0.000000 
0.000000 0.031661 0.060185 0.082756 0.097164 0.102023 0.096895 0.082321 0.059750 0.031392 -0.000000 
0.000000 0.031661 0.060185 0.082756 0.097164 0.102023 0.096895 0.082321 0.059750 0.031392 -0.000000 
0.000000 0.031661 0.060185 0.082756 0.097164 0.102023 0.096895 0.082321 0.059750 0.031392 -0.000000 
0.000000 0.031661 0.060185 0.082756 0.097164 0.102023 0.096895 0.082321 0.059750 0.031392 -0.000000 
0.000000 0.031661 0.060185 0.082756 0.097164 0.102023 0.096895 0.082321 0.059750 0.031392 -0.000000 
0.000000 0.031661 0.060185 0.082756 0.097164 0.102023 0.096895 0.082321 0.059750 0.031392 -0.000000 
0.000000 0.031661 0.060185 0.082756 0.097164 0.102023 0.096895 0.082321 0.059750 0.031392 -0.000000 
0.000000 0.031661 0.060185 0.082756 0.097164 0.102023 0.096895 0.082321 0.059750 0.031392 -0.000000 
0.000000 0.031661 0.060185 0.082756 0.097164 0.102023 0.096895 0.082321 0.059750 0.031392 -0.000000 
0.000000 0.031661 0.060185 0.082756 0.097164 0.102023 0.096895 0.082321 0.059750 0.031392 -0.000000 
0.000000 0.031661 0.060185 0.082756 0.097164 0.102023 0.096895 0.082321 0.059750 0.031392 -0.000000 
0.000000 0.031661 0.060185 0.082756 0.097164 0.102023 0.096895 0.082321 0.059750 0.031392 -0.000000 
0.000000 0.031661 0.060185 0.082756 0.097164 0.102023 0.096895 0.082321 0.059750 0.031392 -0.000000 
0.000000 0.031661 0.060185 0.082756 0.097164 0.102023 0.096895 0.082321 0.059750 0.031392 -0.000000 
0.000000 0.031661 0.060185 0.082756 0.097164 0.102023 0.096895 0.082321 0.059750 0.031392 -0.000000 
0.000000 0.031661 0.060185 0.082756 0.097164 0.102023 0.096895 0.082321 0.059750 0.031392 -0.000000 
0.000000 0.031661 0.060185 0.082756 0.097164 0.102023 0.096895 0.082321 0.059750 0.031392 -0.000000 
0.000000 0.031661 0.060185 0.082756 0.097164 0.102023 0.096895 0.082321 0.059750 0.031392 -0.000000 
0.000000 0.031661 0.060185 0.082756 0.097164 0.102023 0.096895 0.082321 0.059750 0.031392 -0.000000 
0.000000 0.031661 0.060185 0.082756 0.097164 0.102023 0.096895 0.082321 0.059750 0.031392 -0.000000 
0.000000 0.031661 0.060185 0.082756 0.097164 0.102023 0.096895 0.082321 0.059750 0.031392 -0.000000 
0.000000 0.031661 0.060185 0.082756 0.097164 0.102023 0.096895 0.082321 0.059750 0.031392 -0.000000 
0.000000 0.031661 0.060185 0.082756 0.097164 0.102023 0.096895 0.082321 0.059750 0.031392 -0.000000 
0.000000 0.031661 0.060185 0.082756 0.097164 0.102023 0.096895 0.082321 0.059750 0.031392 -0.000000 
0.000000 0.031661 0.060185 0.082756 0.097164 0.102023 0.096895 0.082321 0.059750 0.031392 -0.000000 
0.000000 0.031661 0.060185 0.082756 0.097164 0.102023 0.096895 0.082321 0.059750 0.031392 -0.000000 
0.000000 0.031661 0.060185 0.082756 0.097164 0.102023 0.096895 0.082321 0.059750 0.031392 -0.000000 
0.000000 0.031661 0.060185 0.082756 0.097164 0.102023 0.096895 0.082321 0.059750 0.031392 -0.000000 
0.000000 0.031661 0.060185 0.082756 0.097164 0.102023 0.096895 0.082321 0.059750 0.031392 -0.000000 
0.000000 0.031661 0.060185 0.082756 0.097164 0.102023 0.096895 0.082321 0.059750 0.031392 -0.000000 
0.000000 0.031661 0.060185 0.082756 0.097164 0.102023 0.096895 0.082321 0.059750 0.031392 -0.000000 
0.000000 0.031661 0.060185 0.082756 0.097164 0.102023 0.096895 0.082321 0.059750 0.031392 -0.000000 
0.000000 0.031661 0.060185 0.082756 0.097164 0.102023 0.096895 0.082321 0.059750 0.031392 -0.000000 
0.000000 0.031661 0.060185 0.082756 0.097164 0.102023 0.096895 0.082321 0.059750 0.031392 -0.000000 
0.000000 0.031661 0.060185 0.082756 0.097164 0.102023 0.096895 0.082321 0.059750 0.031392 -0.000000 
0.000000 0.031661 0.060185 0.082756 0.097164 0.102023 0.096895 0.082321 0.059750 0.031392 -0.000000 
0.000000 0.031661 0.060185 0.082756 0.097164 0.102023 0.096895 0.082321 0.059750 0.031392 -0.000000 
0.000000 0.031661 0.060185 0.082756 0.097164 0.102023 0.096895 0.082321 0.059750 0.031392 -0.000000 
0.000000 0.031661 0.060185 0.082756 0.097164 0.102023 0.096895 0.082321 0.059750 0.031392 -0.000000 
0.000000 0.031661 0.060185 0.082756 0.097164 0.102023 0.096895 0.082321 0.059750 0.031392 -0.000000 
0.000000 0.031661 0.060185 0.082756 0.097164 0.102023 0.096895 0.082321 0.059750 0.031392 -0.000000 
0.000000 0.031661 0.060185 0.082756 0.097164 0.102023 0.096895 0.082321 0.059750 0.031392 -0.000000 
0.000000 0.031661 0.060185 0.082756 0.097164 0.102023 0.096895 0.082321 0.059750 0.031392 -0.000000 
0.000000 0.031661 0.060185 0.082756 0.097164 0.102023 0.096895 0.082321 0.059750 0.031392 -0.000000 
0.000000 0.031661 0.060185 0.082756 0.097164 0.102023 0.096895 0.082321 0.059750 0.031392 -0.000000 
0.000000 0.031661 0.060185 0.082756 0.097164 0.102023 0.096895 0.082321 0.059750 0.031392 -0.000000 
0.000000 0.031661 0.060185 0.082756 0.097164 0.102023 0.096895 0.082321 0.059750 0.031392 -0.000000 
0.000000 0.031661 0.060185 0.082756 0.097164 0.102023 0.096895 0.082321 0.059750 0.031392 -0.000000 
0.000000 0.031661 0.060185 0.082756 0.097164 0.102023 0.096895 0.082321 0.059750 0.031392 -0.000000 
0.000000 0.031661 0.060185 0.082756 0.097164 0.102023 0.096895 0.082321 0.059750 0.031392 -0.000000 
0.000000 0.031661 0.060185 0.082756 0.097164 0.102023 0.096895 0.082321 0.059750 0.031392 -0.000000 
0.000000 0.031661 0.060185 0.082756 0.097164 0.102023 0.096895 0.082321 0.059750 0.031392 -0.000000 
0.000000 0.031661 0.060185 0.082756 0.097164 0.102023 0.096895 0.082321 0.059750 0.031392 -0.000000 
0.000000 0.031661 0.060185 0.082756 0.097164 0.102023 0.096895 0.082321 0.059750 0.031392 -0.000000 
0.000000 0.031661 0.060185 0.082756 0.097164 0.102023 0.096895 0.082321 0.059750 0.031392 -0.000000 
0.000000 0.031661 0.060185 0.082756 0.097164 0.102023 0.096895 0.082321 0.059750 0.031392 -0.000000 
0.000000 0.031661 0.060185 0.082756 0.097164 0.102023 0.096895 0.082321 0.059750 0.031392 -0.000000 
0.000000 0.031661 0.060185 0.082756 0.097164 0.102023 0.096895 0.082321 0.059750 0.031392 -0.000000 
0.000000 0.031661 0.060185 0.082756 0.097164 0.102023 0.096895 0.082321 0.059750 0.031392 -0.000000 
0.000000 0.031661 0.060185 0.082756 0.097164 0.102023 0.096895 0.082321 0.059750 0.031392 -0.000000 
0.000000 0.031661 0.060185 0.082756 0.097164 0.102023 0.096895 0.082321 0.059750 0.031392 -0.000000 
0.000000 0.031661 0.060185 0.082756 0.097164 0.102023 0.096895 0.082321 0.059750 0.031392 -0.000000 
0.000000 0.031661 0.060185 0.082756 0.097164 0.102023 0.096895 0.082321 0.059750 0.031392 -0.000000 
0.000000 0.031661 0.060185 0.082756 0.097164 0.102023 0.096895 0.082321 0.059750 0.031392 -0.000000 
0.000000 0.031661 0.060185 0.082756 0.097164 0.102023 0.096895 0.082321 0.059750 0.031392 -0.000000 
0.000000 0.031661 0.060185 0.082756 0.097164 0.102023 0.096895 0.082321 0.059750 0.031392 -0.000000 
0.000000 0.031661 0.060185 0.082756 0.097164 0.102023 0.096895 0.082321 0.059750 0.031392 -0.000000 
0.000000 0.031661 0.060185 0.082756 0.097164 0.102023 0.096895 0.082321 0.059750 0.031392 -0.000000 
0.000000 0.031661 0.060185 0.082756 0.097164 0.102023 0.096895 0.082321 0.059750 0.031392 -0.000000 
0.000000 0.031661 0.060185 0.082756 0.097164 0.102023 0.096895 0.082321 0.059750 0.031392 -0.000000 
0.000000 0.031661 0.060185 0.082756 0.097164 0.102023 0.096895 0.082321 0.059750 0.031392 -0.000000 
0.000000 0.031661 0.060185 0.082756 0.097164 0.102023 0.096895 0.082321 0.059750 0.031392 -0.000000 
0.000000 0.031661 0.060185 0.082756 0.097164 0.102023 0.096895 0.082321 0.059750 0.031392 -0.000000 
0.000000 0.031661 0.060185 0.082756 0.097164 0.102023 0.096895 0.082321 0.059750 0.031392 -0.000000 
0.000000 0.031661 0.060185 0.082756 0.097164 0.102023 0.096895 0.082321 0.059750 0.031392 -0.000000 
0.000000 0.031661 0.060185 0.082756 0.097164 0.102023 0.096895 0.082321 0.059750 0.031392 -0.000000 
0.000000 0.031661 0.060185 0.082756 0.097164 0.102023 0.096895 0.082321 0.059750 0.031392 -0.000000 
0.000000 0.031661 0.060185 0.082756 0.097164 0.102023 0.096895 0.082321 0.059750 0.031392 -0.000000 
0.000000 0.031661 0.060185 0.082756 0.097164 0.102023 0.096895 0.082321 0.059750 0.031392 -0.000000 
0.000000 0.031661 0.060185 0.082756 0.097164 0.102023 0.096895 0.082321 0.059750 0.031392 -0.000000 
0.000000 0.031661 0.060185 0.082756 0.097164 0.102023 0.096895 0.082321 0.059750 0.031392 -0.000000 
0.000000 0.031661 0.060185 0.082756 0.097164 0.102023 0.096895 0.082321 0.059750 0.031392 -0.000000 
0.000000 0.031661 0.060185 0.082756 0.097164 0.102023 0.096895 0.082321 0.059750 0.031392 -0.000000 
0.000000 0.031661 0.060185 0.082756 0.097164 0.102023 0.096895 0.082321 0.059750 0.031392 -0.000000 
0.000000 0.031661 0.060185 0.082756 0.097164 0.102023 0.096895 0.082321 0.059750 0.031392 -0.000000 
0.000000 0.031661 0.060185 0.082756 0.097164 0.102023 0.096895 0.082321 0.059750 0.031392 -0.000000 
0.000000 0.031661 0.060185 0.082756 0.097164 0.102023 0.096895 0.082321 0.059750 0.031392 -0.000000 
0.000000 0.031661 0.060185 0.082756 0.097164 0.102023 0.096895 0.082321 0.059750 0.031392 -0.000000 
0.000000 0.031661 0.060185 0.082756 0.097164 0.102023 0.096895 0.082321 0.059750 0.031392 -0.000000 
0.000000 0.031661 0.060185 0.082756 0.097164 0.102023 0.096895 0.082321 0.059750 0.031392 -0.000000 
0.000000 0.031661 0.060185 0.082756 0.097164 0.102023 0.096895 0.082321 0.059750 0.031392 -0.000000 
0.000000 0.031661 0.060185 0.082756 0.097164 0.102023 0.096895 0.082321 0.059750 0.031392 -0.000000 
0.000000 0.031661 0.060185 0.082756 0.097164 0.102023 0.096895 0.082321 0.059750 0.031392 -0.000000 
0.000000 0.031661 0.060185 0.082756 0.097164 0.102023 0.096895 0.082321 0.059750 0.031392 -0.000000 
0.000000 0.031661 0.060185 0.082756 0.097164 0.102023 0.096895 0.082321 0.059750 0.031392 -0.000000 
0.000000 0.031661 0.060185 0.082756 0.097164 0.102023 0.096895 0.082321 0.059750 0.031392 -0.000000 
0.000000 0.031661 0.060185 0.082756 0.097164 0.102023 0.096895 0.082321 0.059750 0.031392 -0.000000 
0.000000 0.031661 0.060185 0.082756 0.097164 0.102023 0.096895 0.082321 0.059750 0.031392 -0.000000 
0.000000 0.031661 0.060185 0.082756 0.097164 0.102023 0.096895 0.082321 0.059750 0.031392 -0.000000 
0.000000 0.031661 0.060185 0.082756 0.097164 0.102023 0.096895 0.082321 0.059750 0.031392 -0.000000 
0.000000 0.031661 0.060185 0.082756 0.097164 0.102023 0.096895 0.082321 0.059750 0.031392 -0.000000 
0.000000 0.031661 0.060185 0.082756 0.097164 0.102023 0.096895 0.082321 0.059750 0.031392 -0.000000 
0.000000 0.031661 0.060185 0.082756 0.097164 0.102023 0.096895 0.082321 0.059750 0.031392 -0.000000 
0.000000 0.031661 0.060185 0.082756 0.097164 0.102023 0.096895 0.082321 0.059750 0.031392 -0.000000 
0.000000 0.031661 0.060185 0.082756 0.097164 0.102023 0.096895 0.082321 0.059750 0.031392 -0.000000 
0.000000 0.031661 0.060185 0.082756 0.097164 0.102023 0.096895 0.082321 0.059750 0.031392 -0.000000 
0.000000 0.031661 0.060185 0.082756 0.097164 0.102023 0.096895 0.082321 0.059750 0.031392 -0.000000 
0.000000 0.031661 0.060185 0.082756 0.097164 0.102023 0.096895 0.082321 0.059750 0.031392 -0.000000 
0.000000 0.031661 0.060185 0.082756 0.097164 0.102023 0.096895 0.082321 0.059750 0.031392 -0.000000 
0.000000 0.031661 0.060185 0.082756 0.097164 0.102023 0.096895 0.082321 0.059750 0.031392 -0.000000 
0.000000 0.031661 0.060185 0.082756 0.097164 0.102023 0.096895 0.082321 0.059750 0.031392 -0.000000 
0.000000 0.031661 0.060185 0.082756 0.097164 0.102023 0.096895 0.082321 0.059750 0.031392 -0.000000 
0.000000 0.031661 0.060185 0.082756 0.097164 0.102023 0.096895 0.082321 0.059750 0.031392 -0.000000 
