1.492294 1.113271 1.183277 0.992294 0.613271 0.190983 -0.113271 -0.183277 0.007706 -0.296548 
1.113271 1.562299 0.922288 0.804254 0.570005 0.309017 0.120978 0.077712 -0.487531 0.007706 
1.562299 0.473260 1.444265 0.688039 0.543266 0.381966 0.265751 -0.444265 0.572949 -0.487531 
0.473260 2.533304 -0.282965 1.299491 0.526740 0.427051 -0.328050 1.282965 -1.504745 0.572949 
2.533304 -2.343009 4.115761 -1.055717 1.199803 -0.228362 2.038067 -3.115761 3.360659 -1.504745 
-2.343009 8.992073 -7.514486 6.371280 -2.483881 3.466231 -5.382189 8.514486 -7.981165 3.360659 
8.992073 -18.849568 22.877839 -16.369648 12.321392 -11.332301 17.362906 -21.877839 19.856310 -7.981165 
-18.849567 50.719479 -58.097053 51.568878 -40.023340 41.016598 -50.573045 59.097053 -49.715312 19.856309 
50.719477 -127.666095 160.385405 -149.689267 132.608812 -131.612979 150.686691 -159.385405 128.668671 -49.715311 
-127.666091 338.770968 -437.740754 442.683470 -413.911045 414.908469 -441.685062 438.740754 -337.769376 128.668667 
338.770957 -904.177785 1219.195155 -1294.335230 1271.502947 -1270.504538 1295.334246 -1218.195155 905.178769 -337.769366 
-904.177758 2462.143822 -3417.708067 3785.033218 -3836.342601 3837.341618 -3784.033826 3418.708067 -2461.143214 905.178741 
2462.143747 -6784.029440 9664.884815 -11039.083555 11458.717095 -11457.717703 11040.083179 -9663.884815 6785.029816 -2461.143139 
-6784.029233 18911.057428 -27487.996979 32162.684500 -33955.517338 33956.516963 -32161.684732 27488.996979 -18910.057196 6785.029609 
18911.056853 -53183.082029 78561.736536 -93606.196006 100074.715805 -100073.716037 93607.195863 -78560.736536 53184.082173 -18910.056621 
-53183.080418 150655.870863 -225351.007779 272242.640170 -293754.619045 293755.618901 -272241.640259 225352.007779 -150654.870774 53184.080561 
150655.866307 -429189.946099 648249.499285 -791348.243221 859752.852334 -859751.852422 791349.243166 -648248.499285 429190.946153 -150654.866218 
-429189.933138 1228095.274647 -1868787.632344 2299350.525757 -2510852.872637 2510853.872583 -2299349.525790 1868788.632344 -1228094.274613 429190.933193 
1228095.237604 -3526072.733865 5396233.270361 -6678990.830056 7321057.051216 -7321056.051250 6678991.830035 -5396232.270361 3526073.733886 -1228094.237570 
-3526072.627601 10150400.936136 -15601296.364951 19396280.568806 -21321103.292321 21321104.292300 -19396279.568819 15601297.364951 -10150399.936124 3526073.627622 
10150400.630443 -29277769.047400 45147976.512041 -56318678.533717 62038486.290195 -62038485.290208 56318679.533709 -45147975.512042 29277770.047408 -10150399.630431 
-29277768.166111 84576143.645051 -130744420.161656 163505136.422508 -180395644.695294 180395645.695286 -163505135.422513 130744421.161656 -84576142.645046 29277769.166119 
84576141.100218 -244598324.615196 378825688.839435 -474645187.015686 524296411.061992 -524296410.061997 474645188.015683 -378825687.839436 244598325.615199 -84576140.100213 
-244598317.257573 708000133.262614 -1098069167.459144 1377767245.512468 -1523237962.373714 1523237963.373711 -1377767244.512470 1098069168.459145 -708000132.262613 244598318.257577 
708000111.970379 -2050667556.318302 3183836450.526175 -3999074255.163550 4424243038.323328 -4424243037.323332 3999074256.163549 -3183836449.526176 2050667557.318304 -708000110.970378 
-2050667494.657274 5942503940.153545 -9233577984.457178 11607153395.186670 -12847559944.755316 12847559945.755320 -11607153394.186678 9233577985.457180 -5942503939.153549 2050667495.657277 
5942503761.492240 -17226748901.394825 26783234514.758881 -33688290311.967072 37302272164.761169 -37302272163.761185 33688290312.967087 -26783234513.758884 17226748902.394833 -5942503760.492245 
-17226748383.521667 49952485676.072998 -77698271392.777069 97773794053.080475 -108292831386.185181 108292831387.185196 -97773794052.080505 77698271393.777100 -49952485675.073013 17226748384.521679 
49952484174.500092 -144877501097.582031 225424544346.607452 -283764888303.988403 314359447379.435974 -314359447378.436035 283764888304.988464 -225424544345.607544 144877501098.582092 -49952484173.500107 
-144877496742.792480 420254516987.004272 -654066914090.011475 823548855279.640259 -912483755639.777100 912483755640.777100 -823548855278.640381 654066914091.011597 -420254516986.004456 144877496743.792542 
420254504355.319336 -1219198891175.167969 1897870229316.414307 -2390099453178.790039 2648516286965.638672 -2648516286964.638672 2390099453179.790039 -1897870229315.415039 1219198891176.168457 -420254504354.319519 
-1219198854530.528809 3537323518530.337891 -5507168408154.855469 6936485760995.413086 -7687131796089.322266 7687131796090.324219 -6936485760994.413086 5507168408155.856445 -3537323518529.339355 1219198854531.529053 
3537323412213.777832 -10263690472739.013672 15980977207383.113281 -20130785360238.917969 22310748682670.164062 -22310748682669.164062 20130785360239.921875 -15980977207382.113281 10263690472740.013672 -3537323412212.779297 
-10263690164262.312500 29781990197245.164062 -46375451646586.218750 58422509494489.187500 -64752280779567.835938 64752280779568.835938 -58422509494488.187500 46375451646587.218750 -29781990197244.164062 10263690164263.312500 
29781989302154.453125 -86421129410751.500000 134579947293652.125000 -169550236825055.125000 187927065405802.187500 -187927065405801.218750 169550236825056.156250 -134579947293651.125000 86421129410752.500000 -29781989302153.453125 
-86421126813409.375000 250783058469456.937500 -390551301791860.375000 492057234736429.625000 -545404351245423.687500 545404351245424.625000 -492057234736428.750000 390551301791861.375000 -250783058469455.937500 86421126813410.375000 
250783050932356.000000 -727755465202685.750000 1133391560934968.500000 -1428012844856802.000000 1582865889656729.500000 -1582865889656729.000000 1428012844856803.000000 -1133391560934968.000000 727755465202686.750000 -250783050932355.000000 
-727755443330645.375000 2111930013598091.750000 -3289159772142728.000000 4144270170898266.000000 -4593744486112256.000000 4593744486112257.000000 -4144270170898265.000000 3289159772142729.500000 -2111930013598091.250000 727755443330646.375000 
2111929950126175.500000 -6128845044875784.000000 9545359669765212.000000 -12027174067693294.000000 13331758742456550.000000 -13331758742456548.000000 12027174067693296.000000 -9545359669765212.000000 6128845044875785.000000 -2111929950126174.500000 
-6128844860680108.000000 17786134130225716.000000 -27701377949804804.000000 34904291430915024.000000 -38690690389814016.000000 38690690389814016.000000 -34904291430915024.000000 27701377949804812.000000 -17786134130225716.000000 6128844860680108.000000 
17786133595684276.000000 -51616355389444064.000000 80391801094874656.000000 -101296356726212048.000000 112285668835958368.000000 -112285668835958336.000000 101296356726212048.000000 -80391801094874656.000000 51616355389444064.000000 -17786133595684276.000000 
-51616353838177536.000000 149794285578124256.000000 -233304506198871712.000000 293973817822068032.000000 -325867684604637824.000000 325867684604637824.000000 -293973817822067904.000000 233304506198871776.000000 -149794285578124224.000000 51616353838177536.000000 
149794281076245632.000000 -434715132550369536.000000 677072589250549632.000000 -853145982985451264.000000 945709158609385600.000000 -945709158609385344.000000 853145982985451264.000000 -677072589250549504.000000 434715132550369600.000000 -149794281076245600.000000 
-434715119485565952.000000 1261581964961968896.000000 -1964933645732927488.000000 2475927656434789376.000000 -2744564217720182272.000000 2744564217720182272.000000 -2475927656434789376.000000 1964933645732927232.000000 -1261581964961968896.000000 434715119485566080.000000 
1261581927046774272.000000 -3661230620147022848.000000 5702443095750455296.000000 -7185425303939826688.000000 7965055852496484352.000000 -7965055852496484352.000000 7185425303939826688.000000 -5702443095750455296.000000 3661230620147023872.000000 -1261581927046774272.000000 
-3661230510113587712.000000 10625255323616399360.000000 -16549098522476580864.000000 20852923625480814592.000000 -23115536314227408896.000000 23115536314227400704.000000 -20852923625480814592.000000 16549098522476580864.000000 -10625255323616401408.000000 3661230510113587712.000000 
10625255004288555008.000000 -30835583429484580864.000000 48027276028179300352.000000 -60517556643412787200.000000 67083994237818961920.000000 -67083994237818953728.000000 60517556643412787200.000000 -48027276028179300352.000000 30835583429484576768.000000 -10625255004288557056.000000 
-30835582502762618880.000000 89488111772508192768.000000 -139380411912188280832.000000 175628821631128043520.000000 -194685539268045504512.000000 194685539268045504512.000000 -175628821631128043520.000000 139380411912188313600.000000 -89488111772508209152.000000 30835582502762618880.000000 
89488109083064041472.000000 -259704098382404747264.000000 404497333159209271296.000000 -509694757493185708032.000000 564999883186926059520.000000 -564999883186926190592.000000 509694757493185708032.000000 -404497333159209271296.000000 259704098382404780032.000000 -89488109083064041472.000000 
-259704090577350656000.000000 753689517973564948480.000000 -1173896153754955153408.000000 1479191929384238055424.000000 -1639694474588277702656.000000 1639694474588277702656.000000 -1479191929384238317568.000000 1173896153754955153408.000000 -753689517973564948480.000000 259704090577350656000.000000 
