1.167301 1.334602 1.344211 1.092466 0.636640 0.134177 -0.234109 -0.344211 -0.192959 0.061882 
1.203270 1.239767 1.181711 0.961042 0.608438 0.226651 -0.062962 -0.181711 -0.137847 -0.038360 
1.184592 1.166258 1.074616 0.875819 0.591616 0.289628 0.050785 -0.074616 -0.092862 -0.065836 
1.143460 1.102741 0.998683 0.818863 0.581437 0.333283 0.128431 0.001317 -0.050035 -0.058180 
1.094657 1.046073 0.940959 0.778360 0.574690 0.363991 0.183743 0.059041 -0.008175 -0.033338 
1.044583 0.994997 0.894710 0.747604 0.569806 0.386449 0.225359 0.105290 0.032039 -0.000837 
0.996557 0.949052 0.855621 0.723010 0.565440 0.403388 0.257724 0.144379 0.070214 0.034615 
0.951759 0.907590 0.821806 0.702228 0.561337 0.416612 0.284144 0.178194 0.106038 0.070292 
0.910791 0.870110 0.791999 0.683900 0.557412 0.426863 0.306381 0.208001 0.139608 0.104934 
0.873374 0.836297 0.765317 0.667631 0.553408 0.435465 0.325492 0.234683 0.170581 0.137753 
0.839488 0.805651 0.741117 0.652891 0.549570 0.442806 0.342397 0.258883 0.199061 0.168136 
0.808647 0.777875 0.719401 0.639463 0.545998 0.448864 0.357362 0.280599 0.225301 0.196491 
0.780631 0.752655 0.699859 0.627148 0.542658 0.453991 0.370781 0.300141 0.249417 0.222720 
0.755230 0.729923 0.681961 0.616104 0.539158 0.458589 0.382503 0.318039 0.271470 0.247024 
0.732182 0.709292 0.665663 0.606005 0.535858 0.462672 0.393086 0.334337 0.291617 0.269287 
0.711317 0.690501 0.650926 0.596616 0.532883 0.466128 0.402773 0.349074 0.310109 0.289671 
0.692358 0.673415 0.637506 0.588033 0.530131 0.469225 0.411568 0.362494 0.326984 0.308286 
0.675108 0.657966 0.625154 0.580357 0.527395 0.472184 0.419383 0.374846 0.342294 0.325313 
0.659456 0.643819 0.614045 0.573161 0.525072 0.474645 0.426664 0.385955 0.356355 0.340826 
0.645215 0.630943 0.603927 0.566599 0.522943 0.476873 0.433287 0.396073 0.369171 0.354969 
0.632225 0.619343 0.594541 0.560839 0.520745 0.479134 0.439086 0.405459 0.380731 0.367896 
0.620436 0.608651 0.586178 0.555341 0.519002 0.480917 0.444609 0.413822 0.391399 0.379645 
0.609705 0.598918 0.578562 0.550331 0.517411 0.482536 0.449636 0.421438 0.401115 0.390348 
0.599900 0.590221 0.571404 0.546069 0.515634 0.484332 0.453909 0.428596 0.409800 0.400134 
0.591008 0.582118 0.565125 0.541854 0.514366 0.485610 0.458132 0.434875 0.417896 0.409015 
0.582917 0.574744 0.559411 0.538017 0.513212 0.486773 0.461974 0.440589 0.425265 0.417098 
0.575513 0.568108 0.554068 0.534686 0.511972 0.488018 0.465308 0.445932 0.431898 0.424498 
0.568771 0.562066 0.549204 0.531653 0.510843 0.489151 0.468343 0.450796 0.437938 0.431236 
0.562680 0.556472 0.544944 0.528692 0.510041 0.489954 0.471305 0.455056 0.443531 0.437325 
0.557077 0.551475 0.540876 0.526210 0.509062 0.490935 0.473788 0.459124 0.448527 0.442926 
0.551980 0.546929 0.537175 0.523952 0.508171 0.491827 0.476047 0.462825 0.453072 0.448022 
0.547415 0.542679 0.534040 0.521640 0.507662 0.492337 0.478359 0.465960 0.457322 0.452586 
0.543170 0.538925 0.530925 0.519811 0.506868 0.493131 0.480188 0.469075 0.461076 0.456831 
0.539315 0.535515 0.528097 0.518150 0.506147 0.493852 0.481849 0.471903 0.464485 0.460686 
0.535819 0.532322 0.525633 0.516480 0.505657 0.494343 0.483520 0.474367 0.467678 0.464182 
0.532638 0.529417 0.523392 0.514960 0.505211 0.494789 0.485039 0.476608 0.470583 0.467362 
0.529731 0.526886 0.521221 0.513770 0.504605 0.495395 0.486230 0.478779 0.473115 0.470269 
0.527093 0.524454 0.519383 0.512474 0.504270 0.495730 0.487526 0.480617 0.475546 0.472908 
0.524698 0.522247 0.517715 0.511298 0.503966 0.496034 0.488702 0.482285 0.477753 0.475303 
0.522525 0.520402 0.516044 0.510486 0.503435 0.496565 0.489514 0.483956 0.479598 0.477475 
0.520532 0.518539 0.514682 0.509465 0.503225 0.496775 0.490535 0.485318 0.481461 0.479468 
0.518735 0.516858 0.513455 0.508543 0.503036 0.496964 0.491457 0.486545 0.483142 0.481265 
0.517145 0.515564 0.512178 0.508038 0.502558 0.497442 0.491962 0.487822 0.484436 0.482855 
0.515635 0.514124 0.511173 0.507219 0.502444 0.497556 0.492781 0.488827 0.485876 0.484365 
0.514292 0.512844 0.510281 0.506490 0.502343 0.497657 0.493510 0.489719 0.487156 0.485708 
0.513164 0.511975 0.509325 0.506213 0.501923 0.498077 0.493787 0.490675 0.488025 0.486836 
0.512009 0.510854 0.508577 0.505553 0.501869 0.498131 0.494447 0.491423 0.489146 0.487991 
0.511000 0.509874 0.507924 0.504977 0.501822 0.498178 0.495023 0.492076 0.490126 0.489000 
0.510198 0.509287 0.507214 0.504829 0.501474 0.498526 0.495171 0.492786 0.490713 0.489802 
0.509747 0.508711 0.507059 0.504348 0.501676 0.498324 0.495652 0.492941 0.491289 0.490253 
